100
1 0 1.000000e+00
1 1 7.022364e-01
2 0 1.000000e+00
2 1 9.718364e-01
2 2 4.636727e-01
3 0 1.000000e+00
3 1 9.980455e-01
3 2 8.796545e-01
3 3 2.476727e-01
4 0 1.000000e+00
4 1 9.998909e-01
4 2 9.855455e-01
4 3 6.667364e-01
4 4 1.139909e-01
5 0 1.000000e+00
5 1 9.999909e-01
5 2 9.986455e-01
5 3 9.221000e-01
5 4 4.112273e-01
5 5 4.678182e-02
6 0 1.000000e+00
6 1 1.000000e+00
6 2 9.999455e-01
6 3 9.887909e-01
6 4 7.462182e-01
6 5 2.161545e-01
6 6 1.795455e-02
7 0 1.000000e+00
7 1 1.000000e+00
7 2 1.000000e+00
7 3 9.989455e-01
7 4 9.337455e-01
7 5 4.993727e-01
7 6 9.949091e-02
7 7 6.454545e-03
8 0 1.000000e+00
8 1 1.000000e+00
8 2 1.000000e+00
8 3 9.998909e-01
8 4 9.888818e-01
8 5 7.775000e-01
8 6 2.813636e-01
8 7 4.085455e-02
8 8 2.245455e-03
9 0 1.000000e+00
9 1 1.000000e+00
9 2 1.000000e+00
9 3 9.999727e-01
9 4 9.987455e-01
9 5 9.336091e-01
9 6 5.399364e-01
9 7 1.393545e-01
9 8 1.639091e-02
9 9 8.000000e-04
10 0 1.000000e+00
10 1 1.000000e+00
10 2 1.000000e+00
10 3 1.000000e+00
10 4 9.998818e-01
10 5 9.872636e-01
10 6 7.819545e-01
10 7 3.187273e-01
10 8 6.237273e-02
10 9 6.081818e-03
10 10 3.000000e-04
11 0 1.000000e+00
11 1 1.000000e+00
11 2 1.000000e+00
11 3 1.000000e+00
11 4 9.999818e-01
11 5 9.980909e-01
11 6 9.280182e-01
11 7 5.544364e-01
11 8 1.649727e-01
11 9 2.638182e-02
11 10 2.436364e-03
11 11 1.194265e-04
12 0 1.000000e+00
12 1 1.000000e+00
12 2 1.000000e+00
12 3 1.000000e+00
12 4 9.999909e-01
12 5 9.998545e-01
12 6 9.826636e-01
12 7 7.711909e-01
12 8 3.338000e-01
12 9 7.887273e-02
12 10 1.060909e-02
12 11 8.000000e-04
12 12 3.924489e-05
13 0 1.000000e+00
13 1 1.000000e+00
13 2 1.000000e+00
13 3 1.000000e+00
13 4 1.000000e+00
13 5 9.999727e-01
13 6 9.969182e-01
13 7 9.133091e-01
13 8 5.492091e-01
13 9 1.810636e-01
13 10 3.530000e-02
13 11 3.927273e-03
13 12 2.181818e-04
13 13 1.274414e-05
14 0 1.000000e+00
14 1 1.000000e+00
14 2 1.000000e+00
14 3 1.000000e+00
14 4 1.000000e+00
14 5 1.000000e+00
14 6 9.996727e-01
14 7 9.765455e-01
14 8 7.525000e-01
14 9 3.388364e-01
14 10 8.833636e-02
14 11 1.478182e-02
14 12 1.227273e-03
14 13 1.515642e-04
14 14 4.096330e-06
15 0 1.000000e+00
15 1 1.000000e+00
15 2 1.000000e+00
15 3 1.000000e+00
15 4 1.000000e+00
15 5 1.000000e+00
15 6 9.999364e-01
15 7 9.951545e-01
15 8 8.950545e-01
15 9 5.351636e-01
15 10 1.852273e-01
15 11 4.046364e-02
15 12 5.790909e-03
15 13 4.818182e-04
15 14 5.164071e-05
15 15 1.305000e-06
16 0 1.000000e+00
16 1 1.000000e+00
16 2 1.000000e+00
16 3 1.000000e+00
16 4 1.000000e+00
16 5 1.000000e+00
16 6 9.999909e-01
16 7 9.993091e-01
16 8 9.664818e-01
16 9 7.265091e-01
16 10 3.325182e-01
16 11 9.330909e-02
16 12 1.820909e-02
16 13 2.254545e-03
16 14 1.909091e-04
16 15 1.738402e-05
16 16 4.125023e-07
17 0 1.000000e+00
17 1 1.000000e+00
17 2 1.000000e+00
17 3 1.000000e+00
17 4 1.000000e+00
17 5 1.000000e+00
17 6 9.999909e-01
17 7 9.999182e-01
17 8 9.917000e-01
17 9 8.709273e-01
17 10 5.128273e-01
17 11 1.845091e-01
17 12 4.456364e-02
17 13 7.518182e-03
17 14 8.090909e-04
17 15 1.222346e-04
17 16 5.789990e-06
17 17 1.294886e-07
18 0 1.000000e+00
18 1 1.000000e+00
18 2 1.000000e+00
18 3 1.000000e+00
18 4 1.000000e+00
18 5 1.000000e+00
18 6 1.000000e+00
18 7 9.999818e-01
18 8 9.984182e-01
18 9 9.532000e-01
18 10 6.952818e-01
18 11 3.204000e-01
18 12 9.504545e-02
18 13 2.040000e-02
18 14 3.000000e-03
18 15 2.545455e-04
18 16 4.277904e-05
18 17 1.910213e-06
18 18 4.039725e-08
19 0 1.000000e+00
19 1 1.000000e+00
19 2 1.000000e+00
19 3 1.000000e+00
19 4 1.000000e+00
19 5 1.000000e+00
19 6 1.000000e+00
19 7 9.999909e-01
19 8 9.997091e-01
19 9 9.864636e-01
19 10 8.428273e-01
19 11 4.859455e-01
19 12 1.793000e-01
19 13 4.567273e-02
19 14 8.563636e-03
19 15 1.190909e-03
19 16 2.212912e-04
19 17 1.479610e-05
19 18 6.248704e-07
19 19 1.253322e-08
20 0 1.000000e+00
20 1 1.000000e+00
20 2 1.000000e+00
20 3 1.000000e+00
20 4 1.000000e+00
20 5 1.000000e+00
20 6 1.000000e+00
20 7 9.999909e-01
20 8 9.999455e-01
20 9 9.969455e-01
20 10 9.338818e-01
20 11 6.596727e-01
20 12 3.029909e-01
20 13 9.372727e-02
20 14 2.123636e-02
20 15 3.654545e-03
20 16 3.818182e-04
20 17 8.005774e-05
20 18 5.063579e-06
20 19 2.028464e-07
20 20 3.869004e-09
21 0 1.000000e+00
21 1 1.000000e+00
21 2 1.000000e+00
21 3 1.000000e+00
21 4 1.000000e+00
21 5 1.000000e+00
21 6 1.000000e+00
21 7 1.000000e+00
21 8 9.999818e-01
21 9 9.995636e-01
21 10 9.785091e-01
21 11 8.075545e-01
21 12 4.573818e-01
21 13 1.716091e-01
21 14 4.535455e-02
21 15 9.372727e-03
21 16 1.463636e-03
21 17 1.454545e-04
21 18 2.860313e-05
21 19 1.716336e-06
21 20 6.539231e-08
21 21 1.188951e-09
22 0 1.000000e+00
22 1 1.000000e+00
22 2 1.000000e+00
22 3 1.000000e+00
22 4 1.000000e+00
22 5 1.000000e+00
22 6 1.000000e+00
22 7 1.000000e+00
22 8 9.999818e-01
22 9 9.999091e-01
22 10 9.944364e-01
22 11 9.096273e-01
22 12 6.221091e-01
22 13 2.824909e-01
22 14 9.038182e-02
22 15 2.120000e-02
22 16 3.927273e-03
22 17 5.454545e-04
22 18 1.264751e-04
22 19 1.010416e-05
22 20 5.767155e-07
22 21 2.094785e-08
22 22 3.638584e-10
23 0 1.000000e+00
23 1 1.000000e+00
23 2 1.000000e+00
23 3 1.000000e+00
23 4 1.000000e+00
23 5 1.000000e+00
23 6 1.000000e+00
23 7 1.000000e+00
23 8 1.000000e+00
23 9 9.999818e-01
23 10 9.989000e-01
23 11 9.661455e-01
23 12 7.706091e-01
23 13 4.240364e-01
23 14 1.602091e-01
23 15 4.485455e-02
23 16 1.003636e-02
23 17 1.618182e-03
23 18 2.090909e-04
23 19 4.648072e-05
23 20 3.532655e-06
23 21 1.922498e-07
23 22 6.671773e-09
23 23 1.109321e-10
24 0 1.000000e+00
24 1 1.000000e+00
24 2 1.000000e+00
24 3 1.000000e+00
24 4 1.000000e+00
24 5 1.000000e+00
24 6 1.000000e+00
24 7 1.000000e+00
24 8 1.000000e+00
24 9 9.999818e-01
24 10 9.998000e-01
24 11 9.898545e-01
24 12 8.809273e-01
24 13 5.808273e-01
24 14 2.620273e-01
24 15 8.497273e-02
24 16 2.148182e-02
24 17 4.272727e-03
24 18 6.727273e-04
24 19 1.779369e-04
24 20 1.688163e-05
24 21 1.223485e-06
24 22 6.362156e-08
24 23 2.113680e-09
24 24 3.370333e-11
25 0 1.000000e+00
25 1 1.000000e+00
25 2 1.000000e+00
25 3 1.000000e+00
25 4 1.000000e+00
25 5 1.000000e+00
25 6 1.000000e+00
25 7 1.000000e+00
25 8 1.000000e+00
25 9 1.000000e+00
25 10 9.999818e-01
25 11 9.974545e-01
25 12 9.493182e-01
25 13 7.283091e-01
25 14 3.904727e-01
25 15 1.490727e-01
25 16 4.289091e-02
25 17 9.900000e-03
25 18 1.863636e-03
25 19 2.545455e-04
25 20 6.703444e-05
25 21 6.065360e-06
25 22 4.200753e-07
25 23 2.091370e-08
25 24 6.663703e-10
25 25 1.020699e-11
26 0 1.000000e+00
26 1 1.000000e+00
26 2 1.000000e+00
26 3 1.000000e+00
26 4 1.000000e+00
26 5 1.000000e+00
26 6 1.000000e+00
26 7 1.000000e+00
26 8 1.000000e+00
26 9 1.000000e+00
26 10 9.999909e-01
26 11 9.994364e-01
26 12 9.821455e-01
26 13 8.466818e-01
26 14 5.367273e-01
26 15 2.408455e-01
26 16 7.900909e-02
26 17 2.073636e-02
26 18 4.336364e-03
26 19 6.909091e-04
26 20 2.300882e-04
26 21 2.495067e-05
26 22 2.157619e-06
26 23 1.430813e-07
26 24 6.832349e-09
26 25 2.091375e-10
26 26 3.082026e-12
27 0 1.000000e+00
27 1 1.000000e+00
27 2 1.000000e+00
27 3 1.000000e+00
27 4 1.000000e+00
27 5 1.000000e+00
27 6 1.000000e+00
27 7 1.000000e+00
27 8 1.000000e+00
27 9 1.000000e+00
27 10 1.000000e+00
27 11 9.999091e-01
27 12 9.949000e-01
27 13 9.267818e-01
27 14 6.827545e-01
27 15 3.588000e-01
27 16 1.362545e-01
27 17 4.030000e-02
27 18 9.572727e-03
27 19 1.881818e-03
27 20 2.818182e-04
27 21 8.860509e-05
27 22 9.183957e-06
27 23 7.605035e-07
27 24 4.837576e-08
27 25 2.219330e-09
27 26 6.536297e-11
27 27 9.280746e-13
28 0 1.000000e+00
28 1 1.000000e+00
28 2 1.000000e+00
28 3 1.000000e+00
28 4 1.000000e+00
28 5 1.000000e+00
28 6 1.000000e+00
28 7 1.000000e+00
28 8 1.000000e+00
28 9 1.000000e+00
28 10 1.000000e+00
28 11 1.000000e+00
28 12 9.988455e-01
28 13 9.705636e-01
28 14 8.095727e-01
28 15 4.959909e-01
28 16 2.184636e-01
28 17 7.281818e-02
28 18 1.938182e-02
28 19 4.281818e-03
28 20 7.818182e-04
28 21 1.363636e-04
28 22 3.370637e-05
28 23 3.345840e-06
28 24 2.657855e-07
28 25 1.624410e-08
28 26 7.170744e-10
28 27 2.034903e-11
28 28 2.787538e-13
29 0 1.000000e+00
29 1 1.000000e+00
29 2 1.000000e+00
29 3 1.000000e+00
29 4 1.000000e+00
29 5 1.000000e+00
29 6 1.000000e+00
29 7 1.000000e+00
29 8 1.000000e+00
29 9 1.000000e+00
29 10 1.000000e+00
29 11 1.000000e+00
29 12 9.998182e-01
29 13 9.898818e-01
29 14 9.005818e-01
29 15 6.373727e-01
29 16 3.259455e-01
29 17 1.235091e-01
29 18 3.719091e-02
29 19 8.836364e-03
29 20 1.863636e-03
29 21 2.545455e-04
29 22 1.095923e-04
29 23 1.267790e-05
29 24 1.207349e-06
29 25 9.215710e-08
29 26 5.419948e-09
29 27 2.305457e-10
29 28 6.312233e-12
29 29 8.352672e-14
30 0 1.000000e+00
30 1 1.000000e+00
30 2 1.000000e+00
30 3 1.000000e+00
30 4 1.000000e+00
30 5 1.000000e+00
30 6 1.000000e+00
30 7 1.000000e+00
30 8 1.000000e+00
30 9 1.000000e+00
30 10 1.000000e+00
30 11 1.000000e+00
30 12 9.999727e-01
30 13 9.972727e-01
30 14 9.548909e-01
30 15 7.654818e-01
30 16 4.528818e-01
30 17 1.967455e-01
30 18 6.640909e-02
30 19 1.790000e-02
30 20 4.027273e-03
30 21 8.363636e-04
30 22 1.000000e-04
30 23 4.251243e-05
30 24 4.718619e-06
30 25 4.318209e-07
30 26 3.171978e-08
30 27 1.797688e-09
30 28 7.378088e-11
30 29 1.951433e-12
30 30 2.497263e-14
31 0 1.000000e+00
31 1 1.000000e+00
31 2 1.000000e+00
31 3 1.000000e+00
31 4 1.000000e+00
31 5 1.000000e+00
31 6 1.000000e+00
31 7 1.000000e+00
31 8 1.000000e+00
31 9 1.000000e+00
31 10 1.000000e+00
31 11 1.000000e+00
31 12 1.000000e+00
31 13 9.993636e-01
31 14 9.830091e-01
31 15 8.663727e-01
31 16 5.890364e-01
31 17 2.942727e-01
31 18 1.116000e-01
31 19 3.376364e-02
31 20 8.300000e-03
31 21 1.945455e-03
31 22 2.818182e-04
31 23 1.286613e-04
31 24 1.630396e-05
31 25 1.739121e-06
31 26 1.531718e-07
31 27 1.084297e-08
31 28 5.929554e-10
31 29 2.351010e-11
31 30 6.013805e-13
31 31 7.450732e-15
32 0 1.000000e+00
32 1 1.000000e+00
32 2 1.000000e+00
32 3 1.000000e+00
32 4 1.000000e+00
32 5 1.000000e+00
32 6 1.000000e+00
32 7 1.000000e+00
32 8 1.000000e+00
32 9 1.000000e+00
32 10 1.000000e+00
32 11 1.000000e+00
32 12 1.000000e+00
32 13 9.998545e-01
32 14 9.947636e-01
32 15 9.332636e-01
32 16 7.188455e-01
32 17 4.116818e-01
32 18 1.767273e-01
32 19 5.920000e-02
32 20 1.660000e-02
32 21 3.800000e-03
32 22 6.818182e-04
32 23 3.566888e-04
32 24 5.079591e-05
32 25 6.186537e-06
32 26 6.351482e-07
32 27 5.391298e-08
32 28 3.682777e-09
32 29 1.945681e-10
32 30 7.461162e-12
32 31 1.847802e-13
32 32 2.218630e-15
33 0 1.000000e+00
33 1 1.000000e+00
33 2 1.000000e+00
33 3 1.000000e+00
33 4 1.000000e+00
33 5 1.000000e+00
33 6 1.000000e+00
33 7 1.000000e+00
33 8 1.000000e+00
33 9 1.000000e+00
33 10 1.000000e+00
33 11 1.000000e+00
33 12 1.000000e+00
33 13 9.999818e-01
33 14 9.986909e-01
33 15 9.710727e-01
33 16 8.266818e-01
33 17 5.408545e-01
33 18 2.646727e-01
33 19 9.960909e-02
33 20 3.030909e-02
33 21 7.800000e-03
33 22 1.818182e-03
33 23 2.727273e-04
33 24 1.448407e-04
33 25 1.982626e-05
33 26 2.324247e-06
33 27 2.299886e-07
33 28 1.883912e-08
33 29 1.243328e-09
33 30 6.353341e-11
33 31 2.358884e-12
33 32 5.661732e-14
33 33 6.594363e-16
34 0 1.000000e+00
34 1 1.000000e+00
34 2 1.000000e+00
34 3 1.000000e+00
34 4 1.000000e+00
34 5 1.000000e+00
34 6 1.000000e+00
34 7 1.000000e+00
34 8 1.000000e+00
34 9 1.000000e+00
34 10 1.000000e+00
34 11 1.000000e+00
34 12 1.000000e+00
34 13 9.999909e-01
34 14 9.996636e-01
34 15 9.899455e-01
34 16 9.070909e-01
34 17 6.689000e-01
34 18 3.710364e-01
34 19 1.571818e-01
34 20 5.290000e-02
34 21 1.510000e-02
34 22 3.463636e-03
34 23 7.545455e-04
34 24 1.090909e-04
34 25 5.810304e-05
34 26 7.656050e-06
34 27 8.651096e-07
34 28 8.261436e-08
34 29 6.538437e-09
34 30 4.173858e-10
34 31 2.065095e-11
34 32 7.431089e-13
34 33 1.730222e-14
34 34 1.956632e-16
35 0 1.000000e+00
35 1 1.000000e+00
35 2 1.000000e+00
35 3 1.000000e+00
35 4 1.000000e+00
35 5 1.000000e+00
35 6 1.000000e+00
35 7 1.000000e+00
35 8 1.000000e+00
35 9 1.000000e+00
35 10 1.000000e+00
35 11 1.000000e+00
35 12 1.000000e+00
35 13 1.000000e+00
35 14 9.998909e-01
35 15 9.971909e-01
35 16 9.558636e-01
35 17 7.831364e-01
35 18 4.930182e-01
35 19 2.351909e-01
35 20 8.860000e-02
35 21 2.707273e-02
35 22 7.200000e-03
35 23 1.645455e-03
35 24 3.090909e-04
35 25 1.575382e-04
35 26 2.304363e-05
35 27 2.926921e-06
35 28 3.192001e-07
35 29 2.945326e-08
35 30 2.254807e-09
35 31 1.393720e-10
35 32 6.683450e-12
35 33 2.333097e-13
35 34 5.274454e-15
35 35 5.796103e-17
36 0 1.000000e+00
36 1 1.000000e+00
36 2 1.000000e+00
36 3 1.000000e+00
36 4 1.000000e+00
36 5 1.000000e+00
36 6 1.000000e+00
36 7 1.000000e+00
36 8 1.000000e+00
36 9 1.000000e+00
36 10 1.000000e+00
36 11 1.000000e+00
36 12 1.000000e+00
36 13 1.000000e+00
36 14 9.999455e-01
36 15 9.992727e-01
36 16 9.823545e-01
36 17 8.713909e-01
36 18 6.193636e-01
36 19 3.319818e-01
36 20 1.391364e-01
36 21 4.733636e-02
36 22 1.383636e-02
36 23 3.309091e-03
36 24 7.090909e-04
36 25 1.090909e-04
36 26 6.412128e-05
36 27 9.041737e-06
36 28 1.108470e-06
36 29 1.168112e-07
36 30 1.042634e-08
36 31 7.729082e-10
36 32 4.630543e-11
36 33 2.154220e-12
36 34 7.301790e-14
36 35 1.604116e-15
36 36 1.714323e-17
37 0 1.000000e+00
37 1 1.000000e+00
37 2 1.000000e+00
37 3 1.000000e+00
37 4 1.000000e+00
37 5 1.000000e+00
37 6 1.000000e+00
37 7 1.000000e+00
37 8 1.000000e+00
37 9 1.000000e+00
37 10 1.000000e+00
37 11 1.000000e+00
37 12 1.000000e+00
37 13 1.000000e+00
37 14 1.000000e+00
37 15 9.998273e-01
37 16 9.941909e-01
37 17 9.327273e-01
37 18 7.362455e-01
37 19 4.461091e-01
37 20 2.094545e-01
37 21 7.754545e-02
37 22 2.458182e-02
37 23 6.400000e-03
37 24 1.600000e-03
37 25 3.000000e-04
37 26 1.665047e-04
37 27 2.580426e-05
37 28 3.512205e-06
37 29 4.160867e-07
37 30 4.241720e-08
37 31 3.666294e-09
37 32 2.634369e-10
37 33 1.531184e-11
37 34 6.916796e-13
37 35 2.278332e-14
37 36 4.867785e-16
37 37 5.063075e-18
38 0 1.000000e+00
38 1 1.000000e+00
38 2 1.000000e+00
38 3 1.000000e+00
38 4 1.000000e+00
38 5 1.000000e+00
38 6 1.000000e+00
38 7 1.000000e+00
38 8 1.000000e+00
38 9 1.000000e+00
38 10 1.000000e+00
38 11 1.000000e+00
38 12 1.000000e+00
38 13 1.000000e+00
38 14 1.000000e+00
38 15 9.999545e-01
38 16 9.984909e-01
38 17 9.698818e-01
38 18 8.329818e-01
38 19 5.664909e-01
38 20 2.977182e-01
38 21 1.228636e-01
38 22 4.194545e-02
38 23 1.177273e-02
38 24 2.972727e-03
38 25 7.090909e-04
38 26 1.363636e-04
38 27 6.867715e-05
38 28 1.027410e-05
38 29 1.351415e-06
38 30 1.548857e-07
38 31 1.529063e-08
38 32 1.281092e-09
38 33 8.930803e-11
38 34 5.040498e-12
38 35 2.212763e-13
38 36 7.088671e-15
38 37 1.474057e-16
38 38 1.493256e-18
39 0 1.000000e+00
39 1 1.000000e+00
39 2 1.000000e+00
39 3 1.000000e+00
39 4 1.000000e+00
39 5 1.000000e+00
39 6 1.000000e+00
39 7 1.000000e+00
39 8 1.000000e+00
39 9 1.000000e+00
39 10 1.000000e+00
39 11 1.000000e+00
39 12 1.000000e+00
39 13 1.000000e+00
39 14 1.000000e+00
39 15 9.999909e-01
39 16 9.996182e-01
39 17 9.884455e-01
39 18 9.050364e-01
39 19 6.839000e-01
39 20 4.003818e-01
39 21 1.856636e-01
39 22 6.896364e-02
39 23 2.112727e-02
39 24 5.763636e-03
39 25 1.427273e-03
39 26 2.454545e-04
39 27 1.717713e-04
39 28 2.800995e-05
39 29 4.049722e-06
39 30 5.153597e-07
39 31 5.720157e-08
39 32 5.474043e-09
39 33 4.449783e-10
39 34 3.012272e-11
39 35 1.652238e-12
39 36 7.054433e-14
39 37 2.199564e-15
39 38 4.454833e-17
39 39 4.398283e-19
40 0 1.000000e+00
40 1 1.000000e+00
40 2 1.000000e+00
40 3 1.000000e+00
40 4 1.000000e+00
40 5 1.000000e+00
40 6 1.000000e+00
40 7 1.000000e+00
40 8 1.000000e+00
40 9 1.000000e+00
40 10 1.000000e+00
40 11 1.000000e+00
40 12 1.000000e+00
40 13 1.000000e+00
40 14 1.000000e+00
40 15 9.999909e-01
40 16 9.999364e-01
40 17 9.962545e-01
40 18 9.534364e-01
40 19 7.894000e-01
40 20 5.146091e-01
40 21 2.644727e-01
40 22 1.079818e-01
40 23 3.639091e-02
40 24 1.047273e-02
40 25 2.809091e-03
40 26 6.363636e-04
40 27 4.063290e-04
40 28 7.171894e-05
40 29 1.130324e-05
40 30 1.581171e-06
40 31 1.948761e-07
40 32 2.096811e-08
40 33 1.946930e-09
40 34 1.536878e-10
40 35 1.011118e-11
40 36 5.394102e-13
40 37 2.241624e-14
40 38 6.807552e-16
40 39 1.343771e-17
40 40 1.293865e-19
41 0 1.000000e+00
41 1 1.000000e+00
41 2 1.000000e+00
41 3 1.000000e+00
41 4 1.000000e+00
41 5 1.000000e+00
41 6 1.000000e+00
41 7 1.000000e+00
41 8 1.000000e+00
41 9 1.000000e+00
41 10 1.000000e+00
41 11 1.000000e+00
41 12 1.000000e+00
41 13 1.000000e+00
41 14 1.000000e+00
41 15 1.000000e+00
41 16 9.999818e-01
41 17 9.990545e-01
41 18 9.795909e-01
41 19 8.722364e-01
41 20 6.325182e-01
41 21 3.584727e-01
41 22 1.627091e-01
41 23 5.985455e-02
41 24 1.830909e-02
41 25 5.045455e-03
41 26 1.263636e-03
41 27 2.636364e-04
41 28 1.735769e-04
41 29 2.961299e-05
41 30 4.515829e-06
41 31 6.118263e-07
41 32 7.310194e-08
41 33 7.631961e-09
41 34 6.881759e-10
41 35 5.279684e-11
41 36 3.378472e-12
41 37 1.754289e-13
41 38 7.100798e-15
41 39 2.101758e-16
41 40 4.046095e-18
41 41 3.801700e-20
42 0 1.000000e+00
42 1 1.000000e+00
42 2 1.000000e+00
42 3 1.000000e+00
42 4 1.000000e+00
42 5 1.000000e+00
42 6 1.000000e+00
42 7 1.000000e+00
42 8 1.000000e+00
42 9 1.000000e+00
42 10 1.000000e+00
42 11 1.000000e+00
42 12 1.000000e+00
42 13 1.000000e+00
42 14 1.000000e+00
42 15 1.000000e+00
42 16 1.000000e+00
42 17 9.997545e-01
42 18 9.924545e-01
42 19 9.302818e-01
42 20 7.412182e-01
42 21 4.660182e-01
42 22 2.317273e-01
42 23 9.442727e-02
42 24 3.198182e-02
42 25 9.509091e-03
42 26 2.445455e-03
42 27 5.272727e-04
42 28 1.181818e-04
42 29 7.329219e-05
42 30 1.209925e-05
42 31 1.787102e-06
42 32 2.347358e-07
42 33 2.721463e-08
42 34 2.759282e-09
42 35 2.418196e-10
42 36 1.804517e-11
42 37 1.123950e-12
42 38 5.684591e-14
42 39 2.242646e-15
42 40 6.473850e-17
42 41 1.216188e-18
42 42 1.115769e-20
43 0 1.000000e+00
43 1 1.000000e+00
43 2 1.000000e+00
43 3 1.000000e+00
43 4 1.000000e+00
43 5 1.000000e+00
43 6 1.000000e+00
43 7 1.000000e+00
43 8 1.000000e+00
43 9 1.000000e+00
43 10 1.000000e+00
43 11 1.000000e+00
43 12 1.000000e+00
43 13 1.000000e+00
43 14 1.000000e+00
43 15 1.000000e+00
43 16 1.000000e+00
43 17 9.999909e-01
43 18 9.976818e-01
43 19 9.663182e-01
43 20 8.338455e-01
43 21 5.792545e-01
43 22 3.175455e-01
43 23 1.410909e-01
43 24 5.238182e-02
43 25 1.643636e-02
43 26 4.463636e-03
43 27 1.063636e-03
43 28 2.727273e-04
43 29 1.722999e-04
43 30 3.060877e-05
43 31 4.894449e-06
43 32 7.008950e-07
43 33 8.933509e-08
43 34 1.005880e-08
43 35 9.912542e-10
43 36 8.449924e-11
43 37 6.137707e-12
43 38 3.723685e-13
43 39 1.835646e-14
43 40 7.062921e-16
43 41 1.989655e-17
43 42 3.649671e-19
43 43 3.271152e-21
44 0 1.000000e+00
44 1 1.000000e+00
44 2 1.000000e+00
44 3 1.000000e+00
44 4 1.000000e+00
44 5 1.000000e+00
44 6 1.000000e+00
44 7 1.000000e+00
44 8 1.000000e+00
44 9 1.000000e+00
44 10 1.000000e+00
44 11 1.000000e+00
44 12 1.000000e+00
44 13 1.000000e+00
44 14 1.000000e+00
44 15 1.000000e+00
44 16 1.000000e+00
44 17 1.000000e+00
44 18 9.993727e-01
44 19 9.859364e-01
44 20 9.020636e-01
44 21 6.910091e-01
44 22 4.181727e-01
44 23 2.029455e-01
44 24 8.198182e-02
44 25 2.819091e-02
44 26 8.081818e-03
44 27 2.190909e-03
44 28 5.090909e-04
44 29 9.090909e-05
44 30 7.351324e-05
44 31 1.265045e-05
44 32 1.961290e-06
44 33 2.725506e-07
44 34 3.373901e-08
44 35 3.692454e-09
44 36 3.539468e-10
44 37 2.936976e-11
44 38 2.077992e-12
44 39 1.228805e-13
44 40 5.908000e-15
44 41 2.218372e-16
44 42 6.101996e-18
44 43 1.093521e-19
44 44 9.580285e-22
45 0 1.000000e+00
45 1 1.000000e+00
45 2 1.000000e+00
45 3 1.000000e+00
45 4 1.000000e+00
45 5 1.000000e+00
45 6 1.000000e+00
45 7 1.000000e+00
45 8 1.000000e+00
45 9 1.000000e+00
45 10 1.000000e+00
45 11 1.000000e+00
45 12 1.000000e+00
45 13 1.000000e+00
45 14 1.000000e+00
45 15 1.000000e+00
45 16 1.000000e+00
45 17 1.000000e+00
45 18 9.997909e-01
45 19 9.947636e-01
45 20 9.476818e-01
45 21 7.882909e-01
45 22 5.265818e-01
45 23 2.810455e-01
45 24 1.227545e-01
45 25 4.534545e-02
45 26 1.450000e-02
45 27 3.881818e-03
45 28 9.454545e-04
45 29 2.000000e-04
45 30 1.683977e-04
45 31 3.102634e-05
45 32 5.176891e-06
45 33 7.788945e-07
45 34 1.051273e-07
45 35 1.264949e-08
45 36 1.346642e-09
45 37 1.256552e-10
45 38 1.015647e-11
45 39 7.004344e-13
45 40 4.039763e-14
45 41 1.895479e-15
45 42 6.949659e-17
45 43 1.867610e-18
45 44 3.271531e-20
45 45 2.803026e-22
46 0 1.000000e+00
46 1 1.000000e+00
46 2 1.000000e+00
46 3 1.000000e+00
46 4 1.000000e+00
46 5 1.000000e+00
46 6 1.000000e+00
46 7 1.000000e+00
46 8 1.000000e+00
46 9 1.000000e+00
46 10 1.000000e+00
46 11 1.000000e+00
46 12 1.000000e+00
46 13 1.000000e+00
46 14 1.000000e+00
46 15 1.000000e+00
46 16 1.000000e+00
46 17 1.000000e+00
46 18 9.999545e-01
46 19 9.983000e-01
46 20 9.751545e-01
46 21 8.666545e-01
46 22 6.369818e-01
46 23 3.740818e-01
46 24 1.771182e-01
46 25 7.087273e-02
46 26 2.401818e-02
46 27 7.172727e-03
46 28 1.954545e-03
46 29 4.272727e-04
46 30 3.694010e-04
46 31 7.254448e-05
46 32 1.296038e-05
46 33 2.098690e-06
46 34 3.066941e-07
46 35 4.023730e-08
46 36 4.709721e-09
46 37 4.880799e-10
46 38 4.436386e-11
46 39 3.495278e-12
46 40 2.351060e-13
46 41 1.323320e-14
46 42 6.062971e-16
46 43 2.171807e-17
46 44 5.705044e-19
46 45 9.773578e-21
46 46 8.193419e-23
47 0 1.000000e+00
47 1 1.000000e+00
47 2 1.000000e+00
47 3 1.000000e+00
47 4 1.000000e+00
47 5 1.000000e+00
47 6 1.000000e+00
47 7 1.000000e+00
47 8 1.000000e+00
47 9 1.000000e+00
47 10 1.000000e+00
47 11 1.000000e+00
47 12 1.000000e+00
47 13 1.000000e+00
47 14 1.000000e+00
47 15 1.000000e+00
47 16 1.000000e+00
47 17 1.000000e+00
47 18 1.000000e+00
47 19 9.996364e-01
47 20 9.899727e-01
47 21 9.231364e-01
47 22 7.399364e-01
47 23 4.753364e-01
47 24 2.480636e-01
47 25 1.066364e-01
47 26 3.929091e-02
47 27 1.256364e-02
47 28 3.754545e-03
47 29 8.454545e-04
47 30 1.818182e-04
47 31 1.623588e-04
47 32 3.091879e-05
47 33 5.361010e-06
47 34 8.432211e-07
47 35 1.197842e-07
47 36 1.528780e-08
47 37 1.741965e-09
47 38 1.758553e-10
47 39 1.558092e-11
47 40 1.197323e-12
47 41 7.859841e-14
47 42 4.319954e-15
47 43 1.933735e-16
47 44 6.771009e-18
47 45 1.739507e-19
47 46 2.915822e-21
47 47 2.392820e-23
48 0 1.000000e+00
48 1 1.000000e+00
48 2 1.000000e+00
48 3 1.000000e+00
48 4 1.000000e+00
48 5 1.000000e+00
48 6 1.000000e+00
48 7 1.000000e+00
48 8 1.000000e+00
48 9 1.000000e+00
48 10 1.000000e+00
48 11 1.000000e+00
48 12 1.000000e+00
48 13 1.000000e+00
48 14 1.000000e+00
48 15 1.000000e+00
48 16 1.000000e+00
48 17 1.000000e+00
48 18 1.000000e+00
48 19 9.999091e-01
48 20 9.964273e-01
48 21 9.604636e-01
48 22 8.267182e-01
48 23 5.837727e-01
48 24 3.311091e-01
48 25 1.552545e-01
48 26 6.120000e-02
48 27 2.088182e-02
48 28 6.590909e-03
48 29 1.572727e-03
48 30 4.272727e-04
48 31 3.490327e-04
48 32 7.057313e-05
48 33 1.304417e-05
48 34 2.196959e-06
48 35 3.359176e-07
48 36 4.642225e-08
48 37 5.767818e-09
48 38 6.402314e-10
48 39 6.300307e-11
48 40 5.444696e-12
48 41 4.083381e-13
48 42 2.617540e-14
48 43 1.405602e-15
48 44 6.150448e-17
48 45 2.106218e-18
48 46 5.294453e-20
48 47 8.687559e-22
48 48 6.981965e-24
49 0 1.000000e+00
49 1 1.000000e+00
49 2 1.000000e+00
49 3 1.000000e+00
49 4 1.000000e+00
49 5 1.000000e+00
49 6 1.000000e+00
49 7 1.000000e+00
49 8 1.000000e+00
49 9 1.000000e+00
49 10 1.000000e+00
49 11 1.000000e+00
49 12 1.000000e+00
49 13 1.000000e+00
49 14 1.000000e+00
49 15 1.000000e+00
49 16 1.000000e+00
49 17 1.000000e+00
49 18 1.000000e+00
49 19 9.999818e-01
49 20 9.989818e-01
49 21 9.818182e-01
49 22 8.922909e-01
49 23 6.860455e-01
49 24 4.265545e-01
49 25 2.172000e-01
49 26 9.223636e-02
49 27 3.357273e-02
49 28 1.112727e-02
49 29 3.045455e-03
49 30 7.909091e-04
49 31 1.818182e-04
49 32 1.546666e-04
49 33 3.035431e-05
49 34 5.449998e-06
49 35 8.923460e-07
49 36 1.327373e-07
49 37 1.785825e-08
49 38 2.161553e-09
49 39 2.338890e-10
49 40 2.245006e-11
49 41 1.893501e-12
49 42 1.386724e-13
49 43 8.685076e-15
49 44 4.559057e-16
49 45 1.951034e-17
49 46 6.537495e-19
49 47 1.608702e-20
49 48 2.585159e-22
49 49 2.035558e-24
50 0 1.000000e+00
50 1 1.000000e+00
50 2 1.000000e+00
50 3 1.000000e+00
50 4 1.000000e+00
50 5 1.000000e+00
50 6 1.000000e+00
50 7 1.000000e+00
50 8 1.000000e+00
50 9 1.000000e+00
50 10 1.000000e+00
50 11 1.000000e+00
50 12 1.000000e+00
50 13 1.000000e+00
50 14 1.000000e+00
50 15 1.000000e+00
50 16 1.000000e+00
50 17 1.000000e+00
50 18 1.000000e+00
50 19 1.000000e+00
50 20 9.997545e-01
50 21 9.932364e-01
50 22 9.403455e-01
50 23 7.796091e-01
50 24 5.298000e-01
50 25 2.919000e-01
50 26 1.351000e-01
50 27 5.213636e-02
50 28 1.821818e-02
50 29 5.554545e-03
50 30 1.454545e-03
50 31 4.272727e-04
50 32 3.264633e-04
50 33 6.779429e-05
50 34 1.292510e-05
50 35 2.256096e-06
50 36 3.593831e-07
50 37 5.204538e-08
50 38 6.821515e-09
50 39 8.048898e-10
50 40 8.495174e-11
50 41 7.958372e-12
50 42 6.554773e-13
50 43 4.690281e-14
50 44 2.871580e-15
50 45 1.474258e-16
50 46 6.173312e-18
50 47 2.024957e-19
50 48 4.879992e-21
50 49 7.683360e-23
50 50 5.929826e-25
51 0 1.000000e+00
51 1 1.000000e+00
51 2 1.000000e+00
51 3 1.000000e+00
51 4 1.000000e+00
51 5 1.000000e+00
51 6 1.000000e+00
51 7 1.000000e+00
51 8 1.000000e+00
51 9 1.000000e+00
51 10 1.000000e+00
51 11 1.000000e+00
51 12 1.000000e+00
51 13 1.000000e+00
51 14 1.000000e+00
51 15 1.000000e+00
51 16 1.000000e+00
51 17 1.000000e+00
51 18 1.000000e+00
51 19 1.000000e+00
51 20 9.999364e-01
51 21 9.976091e-01
51 22 9.709091e-01
51 23 8.563636e-01
51 24 6.337727e-01
51 25 3.784545e-01
51 26 1.879818e-01
51 27 7.897273e-02
51 28 2.875455e-02
51 29 9.818182e-03
51 30 2.645455e-03
51 31 7.727273e-04
51 32 1.545455e-04
51 33 1.457744e-04
51 34 2.940870e-05
51 35 5.451058e-06
51 36 9.257250e-07
51 37 1.435687e-07
51 38 2.025577e-08
51 39 2.588131e-09
51 40 2.978812e-10
51 41 3.068537e-11
51 42 2.807220e-12
51 43 2.259089e-13
51 44 1.580226e-14
51 45 9.462327e-16
51 46 4.753468e-17
51 47 1.948548e-18
51 48 6.259680e-20
51 49 1.478018e-21
51 50 2.280920e-23
51 51 1.726101e-25
52 0 1.000000e+00
52 1 1.000000e+00
52 2 1.000000e+00
52 3 1.000000e+00
52 4 1.000000e+00
52 5 1.000000e+00
52 6 1.000000e+00
52 7 1.000000e+00
52 8 1.000000e+00
52 9 1.000000e+00
52 10 1.000000e+00
52 11 1.000000e+00
52 12 1.000000e+00
52 13 1.000000e+00
52 14 1.000000e+00
52 15 1.000000e+00
52 16 1.000000e+00
52 17 1.000000e+00
52 18 1.000000e+00
52 19 1.000000e+00
52 20 1.000000e+00
52 21 9.992909e-01
52 22 9.871636e-01
52 23 9.140545e-01
52 24 7.302909e-01
52 25 4.763364e-01
52 26 2.550273e-01
52 27 1.147182e-01
52 28 4.465455e-02
52 29 1.550909e-02
52 30 5.000000e-03
52 31 1.400000e-03
52 32 3.636364e-04
52 33 1.090909e-04
52 34 6.439830e-05
52 35 1.263136e-05
52 36 2.277968e-06
52 37 3.766517e-07
52 38 5.691071e-08
52 39 7.827668e-09
52 40 9.756197e-10
52 41 1.095969e-10
52 42 1.102522e-11
52 43 9.855143e-13
52 44 7.753020e-14
52 45 5.304190e-15
52 46 3.107873e-16
52 47 1.528398e-17
52 48 6.135993e-19
52 49 1.931320e-20
52 50 4.469756e-22
52 51 6.763680e-24
52 52 5.020759e-26
53 0 1.000000e+00
53 1 1.000000e+00
53 2 1.000000e+00
53 3 1.000000e+00
53 4 1.000000e+00
53 5 1.000000e+00
53 6 1.000000e+00
53 7 1.000000e+00
53 8 1.000000e+00
53 9 1.000000e+00
53 10 1.000000e+00
53 11 1.000000e+00
53 12 1.000000e+00
53 13 1.000000e+00
53 14 1.000000e+00
53 15 1.000000e+00
53 16 1.000000e+00
53 17 1.000000e+00
53 18 1.000000e+00
53 19 1.000000e+00
53 20 1.000000e+00
53 21 9.997364e-01
53 22 9.948727e-01
53 23 9.542091e-01
53 24 8.145545e-01
53 25 5.776000e-01
53 26 3.362455e-01
53 27 1.624182e-01
53 28 6.748182e-02
53 29 2.491818e-02
53 30 8.481818e-03
53 31 2.581818e-03
53 32 7.181818e-04
53 33 1.545455e-04
53 34 1.360896e-04
53 35 2.815938e-05
53 36 5.374115e-06
53 37 9.436466e-07
53 38 1.520163e-07
53 39 2.239260e-08
53 40 3.004438e-09
53 41 3.654948e-10
53 42 4.009661e-11
53 43 3.941254e-12
53 44 3.444033e-13
53 45 2.649986e-14
53 46 1.774037e-15
53 47 1.017589e-16
53 48 4.901148e-18
53 49 1.927875e-19
53 50 5.947767e-21
53 51 1.349758e-22
53 52 2.003496e-24
53 53 1.459362e-26
54 0 1.000000e+00
54 1 1.000000e+00
54 2 1.000000e+00
54 3 1.000000e+00
54 4 1.000000e+00
54 5 1.000000e+00
54 6 1.000000e+00
54 7 1.000000e+00
54 8 1.000000e+00
54 9 1.000000e+00
54 10 1.000000e+00
54 11 1.000000e+00
54 12 1.000000e+00
54 13 1.000000e+00
54 14 1.000000e+00
54 15 1.000000e+00
54 16 1.000000e+00
54 17 1.000000e+00
54 18 1.000000e+00
54 19 1.000000e+00
54 20 1.000000e+00
54 21 9.999091e-01
54 22 9.981636e-01
54 23 9.781545e-01
54 24 8.818818e-01
54 25 6.761545e-01
54 26 4.264000e-01
54 27 2.221636e-01
54 28 9.819091e-02
54 29 3.820909e-02
54 30 1.361818e-02
54 31 4.381818e-03
54 32 1.218182e-03
54 33 3.272727e-04
54 34 9.090909e-05
54 35 6.056208e-05
54 36 1.219335e-05
54 37 2.265822e-06
54 38 3.876406e-07
54 39 6.088095e-08
54 40 8.748352e-09
54 41 1.145681e-09
54 42 1.361127e-10
54 43 1.459049e-11
54 44 1.402041e-12
54 45 1.198307e-13
54 46 9.022371e-15
54 47 5.913031e-16
54 48 3.321826e-17
54 49 1.567614e-18
54 50 6.044075e-20
54 51 1.828442e-21
54 52 4.070238e-23
54 53 5.928485e-25
54 54 4.238958e-27
55 0 1.000000e+00
55 1 1.000000e+00
55 2 1.000000e+00
55 3 1.000000e+00
55 4 1.000000e+00
55 5 1.000000e+00
55 6 1.000000e+00
55 7 1.000000e+00
55 8 1.000000e+00
55 9 1.000000e+00
55 10 1.000000e+00
55 11 1.000000e+00
55 12 1.000000e+00
55 13 1.000000e+00
55 14 1.000000e+00
55 15 1.000000e+00
55 16 1.000000e+00
55 17 1.000000e+00
55 18 1.000000e+00
55 19 1.000000e+00
55 20 1.000000e+00
55 21 9.999818e-01
55 22 9.994364e-01
55 23 9.902727e-01
55 24 9.315364e-01
55 25 7.659000e-01
55 26 5.229273e-01
55 27 2.946182e-01
55 28 1.394545e-01
55 29 5.731818e-02
55 30 2.142727e-02
55 31 7.190909e-03
55 32 2.245455e-03
55 33 6.363636e-04
55 34 1.636364e-04
55 35 1.259653e-04
55 36 2.668098e-05
55 37 5.230673e-06
55 38 9.470528e-07
55 39 1.579649e-07
55 40 2.420212e-08
55 41 3.394582e-09
55 42 4.341591e-10
55 43 5.040065e-11
55 44 5.281758e-12
55 45 4.964207e-13
55 46 4.151826e-14
55 47 3.060324e-15
55 48 1.964349e-16
55 49 1.081251e-17
55 50 5.001525e-19
55 51 1.890919e-20
55 52 5.611308e-22
55 53 1.225737e-23
55 54 1.752528e-25
55 55 1.230461e-27
56 0 1.000000e+00
56 1 1.000000e+00
56 2 1.000000e+00
56 3 1.000000e+00
56 4 1.000000e+00
56 5 1.000000e+00
56 6 1.000000e+00
56 7 1.000000e+00
56 8 1.000000e+00
56 9 1.000000e+00
56 10 1.000000e+00
56 11 1.000000e+00
56 12 1.000000e+00
56 13 1.000000e+00
56 14 1.000000e+00
56 15 1.000000e+00
56 16 1.000000e+00
56 17 1.000000e+00
56 18 1.000000e+00
56 19 1.000000e+00
56 20 1.000000e+00
56 21 1.000000e+00
56 22 9.998545e-01
56 23 9.960727e-01
56 24 9.641545e-01
56 25 8.431545e-01
56 26 6.210000e-01
56 27 3.776273e-01
56 28 1.921182e-01
56 29 8.389091e-02
56 30 3.244545e-02
56 31 1.126364e-02
56 32 3.736364e-03
56 33 1.090909e-03
56 34 3.363636e-04
56 35 1.090909e-04
56 36 5.644369e-05
56 37 1.164166e-05
56 38 2.223811e-06
56 39 3.925628e-07
56 40 6.387735e-08
56 41 9.552944e-09
56 42 1.308590e-09
56 43 1.635410e-10
56 44 1.856058e-11
56 45 1.902483e-12
56 46 1.749766e-13
56 47 1.432683e-14
56 48 1.034297e-15
56 49 6.504919e-17
56 50 3.509679e-18
56 51 1.591941e-19
56 52 5.903925e-21
56 53 1.719214e-22
56 54 3.686461e-24
56 55 5.175681e-26
56 56 3.569435e-28
57 0 1.000000e+00
57 1 1.000000e+00
57 2 1.000000e+00
57 3 1.000000e+00
57 4 1.000000e+00
57 5 1.000000e+00
57 6 1.000000e+00
57 7 1.000000e+00
57 8 1.000000e+00
57 9 1.000000e+00
57 10 1.000000e+00
57 11 1.000000e+00
57 12 1.000000e+00
57 13 1.000000e+00
57 14 1.000000e+00
57 15 1.000000e+00
57 16 1.000000e+00
57 17 1.000000e+00
57 18 1.000000e+00
57 19 1.000000e+00
57 20 1.000000e+00
57 21 1.000000e+00
57 22 9.999545e-01
57 23 9.986455e-01
57 24 9.825455e-01
57 25 9.022636e-01
57 26 7.153364e-01
57 27 4.706182e-01
57 28 2.572000e-01
57 29 1.193818e-01
57 30 4.828182e-02
57 31 1.816364e-02
57 32 6.109091e-03
57 33 1.872727e-03
57 34 6.000000e-04
57 35 1.454545e-04
57 36 1.156974e-04
57 37 2.504231e-05
57 38 5.032858e-06
57 39 9.373562e-07
57 40 1.614278e-07
57 41 2.564030e-08
57 42 3.745035e-09
57 43 5.012917e-10
57 44 6.124892e-11
57 45 6.799185e-12
57 46 6.819927e-13
57 47 6.140803e-14
57 48 4.924555e-15
57 49 3.483469e-16
57 50 2.147487e-17
57 51 1.136170e-18
57 52 5.055336e-20
57 53 1.839776e-21
57 54 5.259005e-23
57 55 1.107329e-24
57 56 1.527095e-26
57 57 1.034818e-28
58 0 1.000000e+00
58 1 1.000000e+00
58 2 1.000000e+00
58 3 1.000000e+00
58 4 1.000000e+00
58 5 1.000000e+00
58 6 1.000000e+00
58 7 1.000000e+00
58 8 1.000000e+00
58 9 1.000000e+00
58 10 1.000000e+00
58 11 1.000000e+00
58 12 1.000000e+00
58 13 1.000000e+00
58 14 1.000000e+00
58 15 1.000000e+00
58 16 1.000000e+00
58 17 1.000000e+00
58 18 1.000000e+00
58 19 1.000000e+00
58 20 1.000000e+00
58 21 1.000000e+00
58 22 9.999818e-01
58 23 9.995364e-01
58 24 9.924182e-01
58 25 9.447545e-01
58 26 7.989364e-01
58 27 5.667182e-01
58 28 3.340545e-01
58 29 1.660273e-01
58 30 7.157273e-02
58 31 2.781818e-02
58 32 9.700000e-03
58 33 3.200000e-03
58 34 9.454545e-04
58 35 2.454545e-04
58 36 2.302443e-04
58 37 5.217954e-05
58 38 1.100541e-05
58 39 2.156582e-06
58 40 3.918585e-07
58 41 6.587492e-08
58 42 1.021919e-08
58 43 1.458564e-09
58 44 1.908764e-10
58 45 2.281184e-11
58 46 2.478098e-12
58 47 2.433510e-13
58 48 2.146126e-14
58 49 1.686366e-15
58 50 1.169291e-16
58 51 7.068589e-18
58 52 3.668565e-19
58 53 1.601796e-20
58 54 5.722355e-22
58 55 1.606236e-23
58 56 3.322131e-25
58 57 4.501679e-27
58 58 2.998264e-29
59 0 1.000000e+00
59 1 1.000000e+00
59 2 1.000000e+00
59 3 1.000000e+00
59 4 1.000000e+00
59 5 1.000000e+00
59 6 1.000000e+00
59 7 1.000000e+00
59 8 1.000000e+00
59 9 1.000000e+00
59 10 1.000000e+00
59 11 1.000000e+00
59 12 1.000000e+00
59 13 1.000000e+00
59 14 1.000000e+00
59 15 1.000000e+00
59 16 1.000000e+00
59 17 1.000000e+00
59 18 1.000000e+00
59 19 1.000000e+00
59 20 1.000000e+00
59 21 1.000000e+00
59 22 9.999909e-01
59 23 9.999273e-01
59 24 9.971545e-01
59 25 9.705182e-01
59 26 8.670545e-01
59 27 6.614636e-01
59 28 4.202091e-01
59 29 2.228182e-01
59 30 1.029818e-01
59 31 4.147273e-02
59 32 1.543636e-02
59 33 4.981818e-03
59 34 1.590909e-03
59 35 4.636364e-04
59 36 1.181818e-04
59 37 1.055259e-04
59 38 2.330451e-05
59 39 4.792677e-06
59 40 9.162687e-07
59 41 1.625226e-07
59 42 2.668488e-08
59 43 4.045257e-09
59 44 5.644883e-10
59 45 7.225847e-11
59 46 8.450895e-12
59 47 8.987902e-13
59 48 8.644798e-14
59 49 7.470271e-15
59 50 5.753912e-16
59 51 3.912277e-17
59 52 2.320032e-18
59 53 1.181586e-19
59 54 5.064446e-21
59 55 1.776636e-22
59 56 4.898580e-24
59 57 9.955162e-26
59 58 1.325885e-27
59 59 8.682131e-30
60 0 1.000000e+00
60 1 1.000000e+00
60 2 1.000000e+00
60 3 1.000000e+00
60 4 1.000000e+00
60 5 1.000000e+00
60 6 1.000000e+00
60 7 1.000000e+00
60 8 1.000000e+00
60 9 1.000000e+00
60 10 1.000000e+00
60 11 1.000000e+00
60 12 1.000000e+00
60 13 1.000000e+00
60 14 1.000000e+00
60 15 1.000000e+00
60 16 1.000000e+00
60 17 1.000000e+00
60 18 1.000000e+00
60 19 1.000000e+00
60 20 1.000000e+00
60 21 1.000000e+00
60 22 1.000000e+00
60 23 9.999727e-01
60 24 9.990818e-01
60 25 9.857455e-01
60 26 9.182364e-01
60 27 7.494818e-01
60 28 5.123455e-01
60 29 2.925000e-01
60 30 1.424455e-01
60 31 6.060000e-02
60 32 2.355455e-02
60 33 7.972727e-03
60 34 2.700000e-03
60 35 7.636364e-04
60 36 2.454545e-04
60 37 2.075074e-04
60 38 4.788358e-05
60 39 1.031129e-05
60 40 2.068941e-06
60 41 3.861277e-07
60 42 6.689473e-08
60 43 1.073338e-08
60 44 1.590834e-09
60 45 2.171440e-10
60 46 2.720156e-11
60 47 3.114662e-12
60 48 3.244545e-13
60 49 3.057838e-14
60 50 2.590186e-15
60 51 1.956398e-16
60 52 1.304913e-17
60 53 7.593765e-19
60 54 3.796536e-20
60 55 1.597924e-21
60 56 5.506335e-23
60 57 1.491790e-24
60 58 2.979807e-26
60 59 3.901872e-28
60 60 2.512705e-30
61 0 1.000000e+00
61 1 1.000000e+00
61 2 1.000000e+00
61 3 1.000000e+00
61 4 1.000000e+00
61 5 1.000000e+00
61 6 1.000000e+00
61 7 1.000000e+00
61 8 1.000000e+00
61 9 1.000000e+00
61 10 1.000000e+00
61 11 1.000000e+00
61 12 1.000000e+00
61 13 1.000000e+00
61 14 1.000000e+00
61 15 1.000000e+00
61 16 1.000000e+00
61 17 1.000000e+00
61 18 1.000000e+00
61 19 1.000000e+00
61 20 1.000000e+00
61 21 1.000000e+00
61 22 1.000000e+00
61 23 9.999818e-01
61 24 9.997091e-01
61 25 9.942091e-01
61 26 9.535727e-01
61 27 8.251545e-01
61 28 6.069636e-01
61 29 3.731727e-01
61 30 1.926818e-01
61 31 8.645455e-02
61 32 3.517273e-02
61 33 1.269091e-02
61 34 4.090909e-03
61 35 1.300000e-03
61 36 3.636364e-04
61 37 1.090909e-04
61 38 9.563849e-05
61 39 2.152013e-05
61 40 4.521478e-06
61 41 8.856546e-07
61 42 1.614459e-07
61 43 2.733316e-08
61 44 4.287953e-09
61 45 6.216694e-10
61 46 8.304262e-11
61 47 1.018489e-11
61 48 1.142263e-12
61 49 1.165945e-13
61 50 1.077155e-14
61 51 8.947425e-16
61 52 6.629584e-17
61 53 4.339358e-18
61 54 2.478925e-19
61 55 1.217023e-20
61 56 5.031646e-22
61 57 1.703697e-23
61 58 4.536724e-25
61 59 8.909479e-27
61 60 1.147328e-28
61 61 7.268140e-31
62 0 1.000000e+00
62 1 1.000000e+00
62 2 1.000000e+00
62 3 1.000000e+00
62 4 1.000000e+00
62 5 1.000000e+00
62 6 1.000000e+00
62 7 1.000000e+00
62 8 1.000000e+00
62 9 1.000000e+00
62 10 1.000000e+00
62 11 1.000000e+00
62 12 1.000000e+00
62 13 1.000000e+00
62 14 1.000000e+00
62 15 1.000000e+00
62 16 1.000000e+00
62 17 1.000000e+00
62 18 1.000000e+00
62 19 1.000000e+00
62 20 1.000000e+00
62 21 1.000000e+00
62 22 1.000000e+00
62 23 1.000000e+00
62 24 9.999182e-01
62 25 9.976909e-01
62 26 9.758000e-01
62 27 8.862636e-01
62 28 6.983818e-01
62 29 4.602636e-01
62 30 2.550182e-01
62 31 1.209091e-01
62 32 5.104545e-02
62 33 2.001818e-02
62 34 6.818182e-03
62 35 2.227273e-03
62 36 5.727273e-04
62 37 2.090909e-04
62 38 1.859910e-04
62 39 4.364792e-05
62 40 9.582906e-06
62 41 1.965590e-06
62 42 3.760682e-07
62 43 6.699466e-08
62 44 1.108988e-08
62 45 1.701826e-09
62 46 2.414628e-10
62 47 3.157963e-11
62 48 3.793676e-12
62 49 4.169118e-13
62 50 4.171576e-14
62 51 3.779273e-15
62 52 3.079598e-16
62 53 2.239240e-17
62 54 1.438817e-18
62 55 8.071450e-20
62 56 3.892534e-21
62 57 1.581330e-22
62 58 5.262742e-24
62 59 1.377824e-25
62 60 2.661070e-27
62 61 3.371016e-29
62 62 2.101256e-31
63 0 1.000000e+00
63 1 1.000000e+00
63 2 1.000000e+00
63 3 1.000000e+00
63 4 1.000000e+00
63 5 1.000000e+00
63 6 1.000000e+00
63 7 1.000000e+00
63 8 1.000000e+00
63 9 1.000000e+00
63 10 1.000000e+00
63 11 1.000000e+00
63 12 1.000000e+00
63 13 1.000000e+00
63 14 1.000000e+00
63 15 1.000000e+00
63 16 1.000000e+00
63 17 1.000000e+00
63 18 1.000000e+00
63 19 1.000000e+00
63 20 1.000000e+00
63 21 1.000000e+00
63 22 1.000000e+00
63 23 1.000000e+00
63 24 9.999818e-01
63 25 9.991364e-01
63 26 9.884727e-01
63 27 9.306273e-01
63 28 7.796000e-01
63 29 5.528364e-01
63 30 3.281636e-01
63 31 1.661818e-01
63 32 7.321818e-02
63 33 2.953636e-02
63 34 1.064545e-02
63 35 3.445455e-03
63 36 1.045455e-03
63 37 3.272727e-04
63 38 9.090909e-05
63 39 8.617595e-05
63 40 1.973295e-05
63 41 4.229580e-06
63 42 8.474088e-07
63 43 1.584481e-07
63 44 2.759894e-08
63 45 4.469047e-09
63 46 6.711749e-10
63 47 9.323783e-11
63 48 1.194408e-11
63 49 1.406000e-12
63 50 1.514670e-13
63 51 1.486231e-14
63 52 1.320883e-15
63 53 1.056263e-16
63 54 7.539592e-18
63 55 4.757338e-19
63 56 2.621552e-20
63 57 1.242283e-21
63 58 4.960443e-23
63 59 1.623097e-24
63 60 4.179081e-26
63 61 7.939891e-28
63 62 9.896999e-30
63 63 6.071779e-32
64 0 1.000000e+00
64 1 1.000000e+00
64 2 1.000000e+00
64 3 1.000000e+00
64 4 1.000000e+00
64 5 1.000000e+00
64 6 1.000000e+00
64 7 1.000000e+00
64 8 1.000000e+00
64 9 1.000000e+00
64 10 1.000000e+00
64 11 1.000000e+00
64 12 1.000000e+00
64 13 1.000000e+00
64 14 1.000000e+00
64 15 1.000000e+00
64 16 1.000000e+00
64 17 1.000000e+00
64 18 1.000000e+00
64 19 1.000000e+00
64 20 1.000000e+00
64 21 1.000000e+00
64 22 1.000000e+00
64 23 1.000000e+00
64 24 1.000000e+00
64 25 9.997636e-01
64 26 9.950545e-01
64 27 9.609000e-01
64 28 8.482455e-01
64 29 6.440182e-01
64 30 4.101727e-01
64 31 2.215000e-01
64 32 1.031545e-01
64 33 4.327273e-02
64 34 1.648182e-02
64 35 5.681818e-03
64 36 1.672727e-03
64 37 5.727273e-04
64 38 1.636364e-04
64 39 4.545455e-05
64 40 3.954438e-05
64 41 8.840444e-06
64 42 1.850930e-06
64 43 3.624228e-07
64 44 6.625978e-08
64 45 1.129013e-08
64 46 1.789208e-09
64 47 2.630931e-10
64 48 3.579937e-11
64 49 4.493871e-12
64 50 5.185696e-13
64 51 5.478434e-14
64 52 5.273495e-15
64 53 4.599412e-16
64 54 3.610629e-17
64 55 2.530889e-18
64 56 1.568703e-19
64 57 8.494137e-21
64 58 3.956343e-22
64 59 1.553211e-23
64 60 4.998171e-25
64 61 1.265963e-26
64 62 2.366689e-28
64 63 2.903529e-30
64 64 1.753641e-32
65 0 1.000000e+00
65 1 1.000000e+00
65 2 1.000000e+00
65 3 1.000000e+00
65 4 1.000000e+00
65 5 1.000000e+00
65 6 1.000000e+00
65 7 1.000000e+00
65 8 1.000000e+00
65 9 1.000000e+00
65 10 1.000000e+00
65 11 1.000000e+00
65 12 1.000000e+00
65 13 1.000000e+00
65 14 1.000000e+00
65 15 1.000000e+00
65 16 1.000000e+00
65 17 1.000000e+00
65 18 1.000000e+00
65 19 1.000000e+00
65 20 1.000000e+00
65 21 1.000000e+00
65 22 1.000000e+00
65 23 1.000000e+00
65 24 1.000000e+00
65 25 9.999364e-01
65 26 9.982182e-01
65 27 9.802364e-01
65 28 9.021364e-01
65 29 7.314545e-01
65 30 4.995273e-01
65 31 2.878182e-01
65 32 1.423909e-01
65 33 6.214545e-02
65 34 2.525455e-02
65 35 9.109091e-03
65 36 3.063636e-03
65 37 8.818182e-04
65 38 2.636364e-04
65 39 9.090909e-05
65 40 7.723813e-05
65 41 1.797821e-05
65 42 3.926065e-06
65 43 8.033649e-07
65 44 1.538111e-07
65 45 2.750892e-08
65 46 4.587427e-09
65 47 7.118120e-10
65 48 1.025249e-10
65 49 1.367053e-11
65 50 1.682245e-12
65 51 1.903693e-13
65 52 1.972988e-14
65 53 1.863787e-15
65 54 1.595792e-16
65 55 1.230196e-17
65 56 8.470697e-19
65 57 5.159098e-20
65 58 2.745790e-21
65 59 1.257422e-22
65 60 4.854860e-24
65 61 1.536856e-25
65 62 3.830288e-27
65 63 7.047733e-29
65 64 8.512132e-31
65 65 5.062440e-33
66 0 1.000000e+00
66 1 1.000000e+00
66 2 1.000000e+00
66 3 1.000000e+00
66 4 1.000000e+00
66 5 1.000000e+00
66 6 1.000000e+00
66 7 1.000000e+00
66 8 1.000000e+00
66 9 1.000000e+00
66 10 1.000000e+00
66 11 1.000000e+00
66 12 1.000000e+00
66 13 1.000000e+00
66 14 1.000000e+00
66 15 1.000000e+00
66 16 1.000000e+00
66 17 1.000000e+00
66 18 1.000000e+00
66 19 1.000000e+00
66 20 1.000000e+00
66 21 1.000000e+00
66 22 1.000000e+00
66 23 1.000000e+00
66 24 1.000000e+00
66 25 9.999818e-01
66 26 9.994000e-01
66 27 9.913273e-01
66 28 9.411182e-01
66 29 8.063182e-01
66 30 5.909455e-01
66 31 3.648455e-01
66 32 1.908818e-01
66 33 8.843636e-02
66 34 3.703636e-02
66 35 1.358182e-02
66 36 4.863636e-03
66 37 1.509091e-03
66 38 4.272727e-04
66 39 1.454545e-04
66 40 4.545455e-05
66 41 3.562653e-05
66 42 8.100673e-06
66 43 1.728946e-06
66 44 3.459355e-07
66 45 6.479321e-08
66 46 1.134147e-08
66 47 1.851851e-09
66 48 2.814645e-10
66 49 3.972678e-11
66 50 5.192818e-12
66 51 6.266612e-13
66 52 6.957013e-14
66 53 7.075938e-15
66 54 6.561992e-16
66 55 5.517428e-17
66 56 4.178233e-18
66 57 2.827009e-19
66 58 1.692386e-20
66 59 8.855941e-22
66 60 3.988503e-23
66 61 1.514898e-24
66 62 4.718785e-26
66 63 1.157519e-27
66 64 2.096776e-29
66 65 2.493731e-31
66 66 1.460763e-33
67 0 1.000000e+00
67 1 1.000000e+00
67 2 1.000000e+00
67 3 1.000000e+00
67 4 1.000000e+00
67 5 1.000000e+00
67 6 1.000000e+00
67 7 1.000000e+00
67 8 1.000000e+00
67 9 1.000000e+00
67 10 1.000000e+00
67 11 1.000000e+00
67 12 1.000000e+00
67 13 1.000000e+00
67 14 1.000000e+00
67 15 1.000000e+00
67 16 1.000000e+00
67 17 1.000000e+00
67 18 1.000000e+00
67 19 1.000000e+00
67 20 1.000000e+00
67 21 1.000000e+00
67 22 1.000000e+00
67 23 1.000000e+00
67 24 1.000000e+00
67 25 1.000000e+00
67 26 9.998091e-01
67 27 9.961818e-01
67 28 9.678455e-01
67 29 8.684182e-01
67 30 6.789182e-01
67 31 4.470182e-01
67 32 2.505182e-01
67 33 1.218273e-01
67 34 5.406364e-02
67 35 2.108182e-02
67 36 7.372727e-03
67 37 2.663636e-03
67 38 7.454545e-04
67 39 2.636364e-04
67 40 7.272727e-05
67 41 6.889025e-05
67 42 1.628331e-05
67 43 3.618679e-06
67 44 7.552277e-07
67 45 1.478290e-07
67 46 2.709913e-08
67 47 4.644545e-09
67 48 7.428609e-10
67 49 1.106436e-10
67 50 1.530929e-11
67 51 1.962481e-12
67 52 2.323389e-13
67 53 2.531335e-14
67 54 2.527518e-15
67 55 2.301815e-16
67 56 1.901220e-17
67 57 1.414754e-18
67 58 9.408838e-20
67 59 5.537994e-21
67 60 2.850044e-22
67 61 1.262719e-23
67 62 4.719247e-25
67 63 1.446843e-26
67 64 3.494032e-28
67 65 6.232481e-30
67 66 7.300770e-32
67 67 4.213140e-34
68 0 1.000000e+00
68 1 1.000000e+00
68 2 1.000000e+00
68 3 1.000000e+00
68 4 1.000000e+00
68 5 1.000000e+00
68 6 1.000000e+00
68 7 1.000000e+00
68 8 1.000000e+00
68 9 1.000000e+00
68 10 1.000000e+00
68 11 1.000000e+00
68 12 1.000000e+00
68 13 1.000000e+00
68 14 1.000000e+00
68 15 1.000000e+00
68 16 1.000000e+00
68 17 1.000000e+00
68 18 1.000000e+00
68 19 1.000000e+00
68 20 1.000000e+00
68 21 1.000000e+00
68 22 1.000000e+00
68 23 1.000000e+00
68 24 1.000000e+00
68 25 1.000000e+00
68 26 9.999636e-01
68 27 9.985455e-01
68 28 9.834000e-01
68 29 9.161727e-01
68 30 7.591727e-01
68 31 5.372091e-01
68 32 3.200727e-01
68 33 1.645273e-01
68 34 7.521818e-02
68 35 3.115455e-02
68 36 1.160909e-02
68 37 4.154545e-03
68 38 1.236364e-03
68 39 4.090909e-04
68 40 1.363636e-04
68 41 1.301524e-04
68 42 3.193212e-05
68 43 7.377054e-06
68 44 1.603125e-06
68 45 3.273194e-07
68 46 6.270794e-08
68 47 1.125572e-08
68 48 1.889710e-09
68 49 2.961874e-10
68 50 4.324737e-11
68 51 5.868455e-12
68 52 7.380153e-13
68 53 8.574793e-14
68 54 9.171463e-15
68 55 8.993139e-16
68 56 8.045473e-17
68 57 6.529940e-18
68 58 4.776185e-19
68 59 3.123078e-20
68 60 1.807864e-21
68 61 9.152653e-23
68 62 3.990220e-24
68 63 1.467799e-25
68 64 4.430211e-27
68 65 1.053518e-28
68 66 1.850921e-30
68 67 2.136015e-32
68 68 1.214631e-34
69 0 1.000000e+00
69 1 1.000000e+00
69 2 1.000000e+00
69 3 1.000000e+00
69 4 1.000000e+00
69 5 1.000000e+00
69 6 1.000000e+00
69 7 1.000000e+00
69 8 1.000000e+00
69 9 1.000000e+00
69 10 1.000000e+00
69 11 1.000000e+00
69 12 1.000000e+00
69 13 1.000000e+00
69 14 1.000000e+00
69 15 1.000000e+00
69 16 1.000000e+00
69 17 1.000000e+00
69 18 1.000000e+00
69 19 1.000000e+00
69 20 1.000000e+00
69 21 1.000000e+00
69 22 1.000000e+00
69 23 1.000000e+00
69 24 1.000000e+00
69 25 1.000000e+00
69 26 9.999909e-01
69 27 9.994636e-01
69 28 9.922909e-01
69 29 9.499182e-01
69 30 8.296000e-01
69 31 6.261909e-01
69 32 3.987455e-01
69 33 2.169182e-01
69 34 1.041182e-01
69 35 4.538182e-02
69 36 1.777273e-02
69 37 6.281818e-03
69 38 2.090909e-03
69 39 5.909091e-04
69 40 1.818182e-04
69 41 7.272727e-05
69 42 6.116899e-05
69 43 1.466858e-05
69 44 3.313829e-06
69 45 7.045305e-07
69 46 1.407931e-07
69 47 2.641157e-08
69 48 4.643928e-09
69 49 7.640476e-10
69 50 1.174009e-10
69 51 1.681145e-11
69 52 2.238025e-12
69 53 2.762184e-13
69 54 3.150663e-14
69 55 3.309394e-15
69 56 3.187782e-16
69 57 2.802384e-17
69 58 2.235689e-18
69 59 1.607803e-19
69 60 1.033959e-20
69 61 5.888037e-22
69 62 2.933247e-23
69 63 1.258648e-24
69 64 4.558113e-26
69 65 1.354743e-27
69 66 3.173131e-29
69 67 5.492171e-31
69 68 6.245463e-33
69 69 3.500259e-35
70 0 1.000000e+00
70 1 1.000000e+00
70 2 1.000000e+00
70 3 1.000000e+00
70 4 1.000000e+00
70 5 1.000000e+00
70 6 1.000000e+00
70 7 1.000000e+00
70 8 1.000000e+00
70 9 1.000000e+00
70 10 1.000000e+00
70 11 1.000000e+00
70 12 1.000000e+00
70 13 1.000000e+00
70 14 1.000000e+00
70 15 1.000000e+00
70 16 1.000000e+00
70 17 1.000000e+00
70 18 1.000000e+00
70 19 1.000000e+00
70 20 1.000000e+00
70 21 1.000000e+00
70 22 1.000000e+00
70 23 1.000000e+00
70 24 1.000000e+00
70 25 1.000000e+00
70 26 9.999909e-01
70 27 9.999000e-01
70 28 9.968000e-01
70 29 9.730364e-01
70 30 8.859727e-01
70 31 7.091000e-01
70 32 4.827818e-01
70 33 2.793636e-01
70 34 1.411000e-01
70 35 6.436364e-02
70 36 2.630909e-02
70 37 9.472727e-03
70 38 3.245455e-03
70 39 9.545455e-04
70 40 2.818182e-04
70 41 1.090909e-04
70 42 3.636364e-05
70 43 2.848545e-05
70 44 6.680004e-06
70 45 1.476431e-06
70 46 3.072331e-07
70 47 6.011998e-08
70 48 1.104788e-08
70 49 1.903661e-09
70 50 3.070504e-10
70 51 4.627072e-11
70 52 6.500404e-12
70 53 8.492792e-13
70 54 1.029042e-13
70 55 1.152704e-14
70 56 1.189420e-15
70 57 1.125841e-16
70 58 9.728484e-18
70 59 7.630991e-19
70 60 5.397262e-20
70 61 3.414530e-21
70 62 1.913362e-22
70 63 9.381732e-24
70 64 3.963252e-25
70 65 1.413345e-26
70 66 4.137473e-28
70 67 9.547244e-30
70 68 1.628321e-31
70 69 1.824977e-33
70 70 1.008275e-35
71 0 1.000000e+00
71 1 1.000000e+00
71 2 1.000000e+00
71 3 1.000000e+00
71 4 1.000000e+00
71 5 1.000000e+00
71 6 1.000000e+00
71 7 1.000000e+00
71 8 1.000000e+00
71 9 1.000000e+00
71 10 1.000000e+00
71 11 1.000000e+00
71 12 1.000000e+00
71 13 1.000000e+00
71 14 1.000000e+00
71 15 1.000000e+00
71 16 1.000000e+00
71 17 1.000000e+00
71 18 1.000000e+00
71 19 1.000000e+00
71 20 1.000000e+00
71 21 1.000000e+00
71 22 1.000000e+00
71 23 1.000000e+00
71 24 1.000000e+00
71 25 1.000000e+00
71 26 1.000000e+00
71 27 9.999455e-01
71 28 9.986636e-01
71 29 9.866091e-01
71 30 9.281818e-01
71 31 7.832273e-01
71 32 5.697364e-01
71 33 3.512182e-01
71 34 1.874455e-01
71 35 8.940000e-02
71 36 3.825455e-02
71 37 1.444545e-02
71 38 5.081818e-03
71 39 1.563636e-03
71 40 4.636364e-04
71 41 1.727273e-04
71 42 4.545455e-05
71 43 2.727273e-05
71 44 1.314822e-05
71 45 3.016645e-06
71 46 6.526106e-07
71 47 1.329799e-07
71 48 2.549124e-08
71 49 4.590676e-09
71 50 7.754932e-10
71 51 1.226730e-10
71 52 1.813638e-11
71 53 2.500572e-12
71 54 3.207367e-13
71 55 3.816544e-14
71 56 4.199804e-15
71 57 4.258449e-16
71 58 3.962100e-17
71 59 3.366265e-18
71 60 2.596916e-19
71 61 1.806923e-20
71 62 1.124860e-21
71 63 6.204036e-23
71 64 2.994852e-24
71 65 1.245838e-25
71 66 4.375975e-27
71 67 1.262046e-28
71 68 2.869626e-30
71 69 4.823759e-32
71 70 5.329547e-34
71 71 2.903255e-36
72 0 1.000000e+00
72 1 1.000000e+00
72 2 1.000000e+00
72 3 1.000000e+00
72 4 1.000000e+00
72 5 1.000000e+00
72 6 1.000000e+00
72 7 1.000000e+00
72 8 1.000000e+00
72 9 1.000000e+00
72 10 1.000000e+00
72 11 1.000000e+00
72 12 1.000000e+00
72 13 1.000000e+00
72 14 1.000000e+00
72 15 1.000000e+00
72 16 1.000000e+00
72 17 1.000000e+00
72 18 1.000000e+00
72 19 1.000000e+00
72 20 1.000000e+00
72 21 1.000000e+00
72 22 1.000000e+00
72 23 1.000000e+00
72 24 1.000000e+00
72 25 1.000000e+00
72 26 1.000000e+00
72 27 9.999909e-01
72 28 9.994818e-01
72 29 9.936727e-01
72 30 9.581455e-01
72 31 8.486182e-01
72 32 6.548000e-01
72 33 4.315818e-01
72 34 2.428273e-01
72 35 1.209545e-01
72 36 5.458182e-02
72 37 2.184545e-02
72 38 7.790909e-03
72 39 2.609091e-03
72 40 8.454545e-04
72 41 2.818182e-04
72 42 9.090909e-05
72 43 3.636364e-05
72 44 2.529977e-05
72 45 6.017212e-06
72 46 1.351309e-06
72 47 2.862657e-07
72 48 5.714290e-08
72 49 1.073493e-08
72 50 1.895315e-09
72 51 3.140066e-10
72 52 4.873262e-11
72 53 7.070998e-12
72 54 9.571338e-13
72 55 1.205659e-13
72 56 1.409367e-14
72 57 1.524022e-15
72 58 1.518967e-16
72 59 1.389569e-17
72 60 1.161126e-18
72 61 8.812124e-20
72 62 6.033452e-21
72 63 3.696888e-22
72 64 2.007379e-23
72 65 9.542228e-25
72 66 3.909800e-26
72 67 1.352954e-27
72 68 3.844962e-29
72 69 8.616720e-31
72 70 1.427877e-32
72 71 1.555501e-34
72 72 8.356492e-37
73 0 1.000000e+00
73 1 1.000000e+00
73 2 1.000000e+00
73 3 1.000000e+00
73 4 1.000000e+00
73 5 1.000000e+00
73 6 1.000000e+00
73 7 1.000000e+00
73 8 1.000000e+00
73 9 1.000000e+00
73 10 1.000000e+00
73 11 1.000000e+00
73 12 1.000000e+00
73 13 1.000000e+00
73 14 1.000000e+00
73 15 1.000000e+00
73 16 1.000000e+00
73 17 1.000000e+00
73 18 1.000000e+00
73 19 1.000000e+00
73 20 1.000000e+00
73 21 1.000000e+00
73 22 1.000000e+00
73 23 1.000000e+00
73 24 1.000000e+00
73 25 1.000000e+00
73 26 1.000000e+00
73 27 1.000000e+00
73 28 9.997818e-01
73 29 9.971182e-01
73 30 9.771636e-01
73 31 8.993000e-01
73 32 7.357545e-01
73 33 5.154455e-01
73 34 3.089545e-01
73 35 1.618636e-01
73 36 7.620909e-02
73 37 3.210909e-02
73 38 1.193636e-02
73 39 4.227273e-03
73 40 1.309091e-03
73 41 4.272727e-04
73 42 1.636364e-04
73 43 4.545455e-05
73 44 2.727273e-05
73 45 1.173125e-05
73 46 2.731076e-06
73 47 6.006005e-07
73 48 1.246432e-07
73 49 2.438373e-08
73 50 4.490964e-09
73 51 7.776485e-10
73 52 1.264025e-10
73 53 1.925309e-11
73 54 2.742640e-12
73 55 3.645922e-13
73 56 4.511704e-14
73 57 5.182647e-15
73 58 5.508797e-16
73 59 5.398519e-17
73 60 4.857192e-18
73 61 3.992810e-19
73 62 2.981849e-20
73 63 2.009486e-21
73 64 1.212201e-22
73 65 6.481700e-24
73 66 3.034797e-25
73 67 1.225042e-26
73 68 4.177243e-28
73 69 1.170039e-29
73 70 2.584878e-31
73 71 4.223427e-33
73 72 4.537373e-35
73 73 2.404361e-37
74 0 1.000000e+00
74 1 1.000000e+00
74 2 1.000000e+00
74 3 1.000000e+00
74 4 1.000000e+00
74 5 1.000000e+00
74 6 1.000000e+00
74 7 1.000000e+00
74 8 1.000000e+00
74 9 1.000000e+00
74 10 1.000000e+00
74 11 1.000000e+00
74 12 1.000000e+00
74 13 1.000000e+00
74 14 1.000000e+00
74 15 1.000000e+00
74 16 1.000000e+00
74 17 1.000000e+00
74 18 1.000000e+00
74 19 1.000000e+00
74 20 1.000000e+00
74 21 1.000000e+00
74 22 1.000000e+00
74 23 1.000000e+00
74 24 1.000000e+00
74 25 1.000000e+00
74 26 1.000000e+00
74 27 1.000000e+00
74 28 9.999273e-01
74 29 9.987909e-01
74 30 9.885727e-01
74 31 9.378636e-01
74 32 8.059364e-01
74 33 6.010000e-01
74 34 3.824909e-01
74 35 2.110818e-01
74 36 1.038364e-01
74 37 4.584545e-02
74 38 1.821818e-02
74 39 6.454545e-03
74 40 2.218182e-03
74 41 7.272727e-04
74 42 2.181818e-04
74 43 7.272727e-05
74 44 2.727273e-05
74 45 2.237942e-05
74 46 5.394005e-06
74 47 1.229707e-06
74 48 2.649290e-07
74 49 5.388371e-08
74 50 1.033469e-08
74 51 1.866827e-09
74 52 3.171524e-10
74 53 5.059514e-11
74 54 7.565981e-12
74 55 1.058484e-12
74 56 1.382317e-13
74 57 1.680954e-14
74 58 1.898052e-15
74 59 1.983703e-16
74 60 1.911948e-17
74 61 1.692324e-18
74 62 1.368942e-19
74 63 1.006255e-20
74 64 6.676190e-22
74 65 3.965897e-23
74 66 2.088709e-24
74 67 9.634673e-26
74 68 3.832396e-27
74 69 1.287988e-28
74 70 3.556425e-30
74 71 7.746954e-32
74 72 1.248295e-33
74 73 1.322816e-35
74 74 6.915393e-38
75 0 1.000000e+00
75 1 1.000000e+00
75 2 1.000000e+00
75 3 1.000000e+00
75 4 1.000000e+00
75 5 1.000000e+00
75 6 1.000000e+00
75 7 1.000000e+00
75 8 1.000000e+00
75 9 1.000000e+00
75 10 1.000000e+00
75 11 1.000000e+00
75 12 1.000000e+00
75 13 1.000000e+00
75 14 1.000000e+00
75 15 1.000000e+00
75 16 1.000000e+00
75 17 1.000000e+00
75 18 1.000000e+00
75 19 1.000000e+00
75 20 1.000000e+00
75 21 1.000000e+00
75 22 1.000000e+00
75 23 1.000000e+00
75 24 1.000000e+00
75 25 1.000000e+00
75 26 1.000000e+00
75 27 1.000000e+00
75 28 1.000000e+00
75 29 9.994909e-01
75 30 9.948909e-01
75 31 9.640545e-01
75 32 8.657818e-01
75 33 6.831455e-01
75 34 4.621273e-01
75 35 2.711636e-01
75 36 1.387182e-01
75 37 6.434545e-02
75 38 2.684545e-02
75 39 9.963636e-03
75 40 3.536364e-03
75 41 1.163636e-03
75 42 4.363636e-04
75 43 1.272727e-04
75 44 3.636364e-05
75 45 1.818182e-05
75 46 1.042239e-05
75 47 2.460022e-06
75 48 5.494305e-07
75 49 1.160092e-07
75 50 2.313318e-08
75 51 4.351591e-09
75 52 7.712232e-10
75 53 1.285929e-10
75 54 2.014068e-11
75 55 2.957911e-12
75 56 4.065301e-13
75 57 5.217165e-14
75 58 6.236303e-15
75 59 6.923818e-16
75 60 7.117028e-17
75 61 6.748348e-18
75 62 5.877806e-19
75 63 4.679886e-20
75 64 3.386739e-21
75 65 2.212724e-22
75 66 1.294685e-23
75 67 6.717700e-25
75 68 3.053467e-26
75 69 1.197101e-27
75 70 3.966115e-29
75 71 1.079806e-30
75 72 2.319667e-32
75 73 3.686852e-34
75 74 3.854440e-36
75 75 1.988289e-38
76 0 1.000000e+00
76 1 1.000000e+00
76 2 1.000000e+00
76 3 1.000000e+00
76 4 1.000000e+00
76 5 1.000000e+00
76 6 1.000000e+00
76 7 1.000000e+00
76 8 1.000000e+00
76 9 1.000000e+00
76 10 1.000000e+00
76 11 1.000000e+00
76 12 1.000000e+00
76 13 1.000000e+00
76 14 1.000000e+00
76 15 1.000000e+00
76 16 1.000000e+00
76 17 1.000000e+00
76 18 1.000000e+00
76 19 1.000000e+00
76 20 1.000000e+00
76 21 1.000000e+00
76 22 1.000000e+00
76 23 1.000000e+00
76 24 1.000000e+00
76 25 1.000000e+00
76 26 1.000000e+00
76 27 1.000000e+00
76 28 1.000000e+00
76 29 9.998000e-01
76 30 9.979182e-01
76 31 9.807091e-01
76 32 9.127545e-01
76 33 7.583000e-01
76 34 5.464455e-01
76 35 3.387273e-01
76 36 1.821273e-01
76 37 8.820000e-02
76 38 3.837273e-02
76 39 1.514545e-02
76 40 5.509091e-03
76 41 1.800000e-03
76 42 6.363636e-04
76 43 2.090909e-04
76 44 8.181818e-05
76 45 7.660601e-05
76 46 1.972177e-05
76 47 4.813705e-06
76 48 1.113121e-06
76 49 2.436547e-07
76 50 5.044008e-08
76 51 9.865006e-09
76 52 1.820710e-09
76 53 3.167020e-10
76 54 5.184520e-11
76 55 7.974880e-12
76 56 1.150608e-12
76 57 1.554022e-13
76 58 1.960409e-14
76 59 2.304139e-15
76 60 2.516022e-16
76 61 2.544306e-17
76 62 2.374002e-18
76 63 2.035258e-19
76 64 1.595383e-20
76 65 1.136942e-21
76 66 7.316609e-23
76 67 4.217629e-24
76 68 2.156454e-25
76 69 9.660923e-27
76 70 3.733796e-28
76 71 1.219734e-29
76 72 3.274985e-31
76 73 6.939599e-33
76 74 1.088151e-34
76 75 1.122526e-36
76 76 5.714679e-39
77 0 1.000000e+00
77 1 1.000000e+00
77 2 1.000000e+00
77 3 1.000000e+00
77 4 1.000000e+00
77 5 1.000000e+00
77 6 1.000000e+00
77 7 1.000000e+00
77 8 1.000000e+00
77 9 1.000000e+00
77 10 1.000000e+00
77 11 1.000000e+00
77 12 1.000000e+00
77 13 1.000000e+00
77 14 1.000000e+00
77 15 1.000000e+00
77 16 1.000000e+00
77 17 1.000000e+00
77 18 1.000000e+00
77 19 1.000000e+00
77 20 1.000000e+00
77 21 1.000000e+00
77 22 1.000000e+00
77 23 1.000000e+00
77 24 1.000000e+00
77 25 1.000000e+00
77 26 1.000000e+00
77 27 1.000000e+00
77 28 1.000000e+00
77 29 9.999636e-01
77 30 9.990818e-01
77 31 9.904182e-01
77 32 9.456727e-01
77 33 8.258273e-01
77 34 6.283182e-01
77 35 4.134909e-01
77 36 2.349364e-01
77 37 1.187182e-01
77 38 5.364545e-02
77 39 2.225455e-02
77 40 8.454545e-03
77 41 3.009091e-03
77 42 9.636364e-04
77 43 3.272727e-04
77 44 9.090909e-05
77 45 4.545455e-05
77 46 3.658133e-05
77 47 9.222933e-06
77 48 2.205472e-06
77 49 4.998394e-07
77 50 1.072731e-07
77 51 2.178093e-08
77 52 4.179595e-09
77 53 7.571131e-10
77 54 1.292992e-10
77 55 2.078818e-11
77 56 3.141438e-12
77 57 4.454075e-13
77 58 5.913411e-14
77 59 7.334997e-15
77 60 8.479145e-16
77 61 9.108824e-17
77 62 9.064264e-18
77 63 8.324675e-19
77 64 7.026407e-20
77 65 5.423851e-21
77 66 3.807230e-22
77 67 2.413816e-23
77 68 1.371133e-24
77 69 6.909693e-26
77 70 3.051637e-27
77 71 1.162911e-28
77 72 3.746502e-30
77 73 9.922400e-32
77 74 2.074280e-33
77 75 3.209409e-35
77 76 3.267463e-37
77 77 1.641941e-39
78 0 1.000000e+00
78 1 1.000000e+00
78 2 1.000000e+00
78 3 1.000000e+00
78 4 1.000000e+00
78 5 1.000000e+00
78 6 1.000000e+00
78 7 1.000000e+00
78 8 1.000000e+00
78 9 1.000000e+00
78 10 1.000000e+00
78 11 1.000000e+00
78 12 1.000000e+00
78 13 1.000000e+00
78 14 1.000000e+00
78 15 1.000000e+00
78 16 1.000000e+00
78 17 1.000000e+00
78 18 1.000000e+00
78 19 1.000000e+00
78 20 1.000000e+00
78 21 1.000000e+00
78 22 1.000000e+00
78 23 1.000000e+00
78 24 1.000000e+00
78 25 1.000000e+00
78 26 1.000000e+00
78 27 1.000000e+00
78 28 1.000000e+00
78 29 1.000000e+00
78 30 9.996818e-01
78 31 9.956727e-01
78 32 9.690364e-01
78 33 8.803273e-01
78 34 7.080182e-01
78 35 4.936273e-01
78 36 2.964545e-01
78 37 1.561182e-01
78 38 7.407273e-02
78 39 3.183636e-02
78 40 1.288182e-02
78 41 4.627273e-03
78 42 1.454545e-03
78 43 5.181818e-04
78 44 1.181818e-04
78 45 5.454545e-05
78 46 9.090909e-06
78 47 9.090909e-06
78 48 4.277979e-06
78 49 1.002639e-06
78 50 2.227964e-07
78 51 4.689854e-08
78 52 9.343005e-09
78 53 1.759675e-09
78 54 3.129600e-10
78 55 5.249177e-11
78 56 8.291099e-12
78 57 1.231270e-12
78 58 1.716076e-13
78 59 2.240230e-14
78 60 2.733051e-15
78 61 3.108186e-16
78 62 3.285755e-17
78 63 3.218332e-18
78 64 2.910015e-19
78 65 2.418758e-20
78 66 1.839063e-21
78 67 1.271813e-22
78 68 7.945786e-24
78 69 4.448579e-25
78 70 2.210028e-26
78 71 9.623983e-28
78 72 3.616886e-29
78 73 1.149376e-30
78 74 3.003168e-32
78 75 6.194903e-34
78 76 9.459569e-36
78 77 9.506258e-38
78 78 4.716074e-40
79 0 1.000000e+00
79 1 1.000000e+00
79 2 1.000000e+00
79 3 1.000000e+00
79 4 1.000000e+00
79 5 1.000000e+00
79 6 1.000000e+00
79 7 1.000000e+00
79 8 1.000000e+00
79 9 1.000000e+00
79 10 1.000000e+00
79 11 1.000000e+00
79 12 1.000000e+00
79 13 1.000000e+00
79 14 1.000000e+00
79 15 1.000000e+00
79 16 1.000000e+00
79 17 1.000000e+00
79 18 1.000000e+00
79 19 1.000000e+00
79 20 1.000000e+00
79 21 1.000000e+00
79 22 1.000000e+00
79 23 1.000000e+00
79 24 1.000000e+00
79 25 1.000000e+00
79 26 1.000000e+00
79 27 1.000000e+00
79 28 1.000000e+00
79 29 1.000000e+00
79 30 9.998909e-01
79 31 9.982818e-01
79 32 9.832364e-01
79 33 9.226364e-01
79 34 7.810091e-01
79 35 5.743545e-01
79 36 3.663000e-01
79 37 2.023545e-01
79 38 1.007909e-01
79 39 4.448182e-02
79 40 1.890909e-02
79 41 7.163636e-03
79 42 2.518182e-03
79 43 7.636364e-04
79 44 2.818182e-04
79 45 7.272727e-05
79 46 1.818182e-05
79 47 9.090909e-06
79 48 8.131471e-06
79 49 1.968643e-06
79 50 4.523915e-07
79 51 9.859953e-08
79 52 2.036449e-08
79 53 3.981933e-09
79 54 7.363334e-10
79 55 1.286182e-10
79 56 2.119382e-11
79 57 3.289752e-12
79 58 4.802442e-13
79 59 6.581489e-14
79 60 8.450381e-15
79 61 1.014241e-15
79 62 1.135066e-16
79 63 1.181074e-17
79 64 1.138950e-18
79 65 1.014150e-19
79 66 8.302924e-21
79 67 6.219600e-22
79 68 4.238473e-23
79 69 2.609959e-24
79 70 1.440512e-25
79 71 7.056310e-27
79 72 3.030418e-28
79 73 1.123392e-29
79 74 3.521979e-31
79 75 9.080498e-33
79 76 1.848608e-34
79 77 2.786348e-36
79 78 2.764386e-38
79 79 1.354143e-40
80 0 1.000000e+00
80 1 1.000000e+00
80 2 1.000000e+00
80 3 1.000000e+00
80 4 1.000000e+00
80 5 1.000000e+00
80 6 1.000000e+00
80 7 1.000000e+00
80 8 1.000000e+00
80 9 1.000000e+00
80 10 1.000000e+00
80 11 1.000000e+00
80 12 1.000000e+00
80 13 1.000000e+00
80 14 1.000000e+00
80 15 1.000000e+00
80 16 1.000000e+00
80 17 1.000000e+00
80 18 1.000000e+00
80 19 1.000000e+00
80 20 1.000000e+00
80 21 1.000000e+00
80 22 1.000000e+00
80 23 1.000000e+00
80 24 1.000000e+00
80 25 1.000000e+00
80 26 1.000000e+00
80 27 1.000000e+00
80 28 1.000000e+00
80 29 1.000000e+00
80 30 9.999727e-01
80 31 9.994091e-01
80 32 9.918091e-01
80 33 9.526818e-01
80 34 8.416000e-01
80 35 6.551273e-01
80 36 4.428182e-01
80 37 2.579545e-01
80 38 1.332636e-01
80 39 6.209091e-02
80 40 2.628182e-02
80 41 1.072727e-02
80 42 3.854545e-03
80 43 1.309091e-03
80 44 4.454545e-04
80 45 1.363636e-04
80 46 3.636364e-05
80 47 1.818182e-05
80 48 1.515932e-05
80 49 3.787168e-06
80 50 8.990024e-07
80 51 2.026337e-07
80 52 4.333366e-08
80 53 8.784613e-09
80 54 1.686486e-09
80 55 3.062946e-10
80 56 5.256248e-11
80 57 8.511761e-12
80 58 1.298777e-12
80 59 1.864299e-13
80 60 2.512908e-14
80 61 3.174253e-15
80 62 3.749122e-16
80 63 4.129901e-17
80 64 4.230871e-18
80 65 4.017841e-19
80 66 3.523904e-20
80 67 2.842379e-21
80 68 2.098144e-22
80 69 1.409271e-23
80 70 8.554983e-25
80 71 4.655734e-26
80 72 2.249149e-27
80 73 9.527816e-29
80 74 3.484589e-30
80 75 1.077986e-31
80 76 2.742948e-33
80 77 5.511978e-35
80 78 8.202080e-37
80 79 8.034947e-39
80 80 3.886982e-41
81 0 1.000000e+00
81 1 1.000000e+00
81 2 1.000000e+00
81 3 1.000000e+00
81 4 1.000000e+00
81 5 1.000000e+00
81 6 1.000000e+00
81 7 1.000000e+00
81 8 1.000000e+00
81 9 1.000000e+00
81 10 1.000000e+00
81 11 1.000000e+00
81 12 1.000000e+00
81 13 1.000000e+00
81 14 1.000000e+00
81 15 1.000000e+00
81 16 1.000000e+00
81 17 1.000000e+00
81 18 1.000000e+00
81 19 1.000000e+00
81 20 1.000000e+00
81 21 1.000000e+00
81 22 1.000000e+00
81 23 1.000000e+00
81 24 1.000000e+00
81 25 1.000000e+00
81 26 1.000000e+00
81 27 1.000000e+00
81 28 1.000000e+00
81 29 1.000000e+00
81 30 1.000000e+00
81 31 9.998364e-01
81 32 9.965091e-01
81 33 9.731818e-01
81 34 8.926636e-01
81 35 7.317182e-01
81 36 5.212636e-01
81 37 3.227364e-01
81 38 1.748636e-01
81 39 8.493636e-02
81 40 3.729091e-02
81 41 1.549091e-02
81 42 5.990909e-03
81 43 2.172727e-03
81 44 7.090909e-04
81 45 2.636364e-04
81 46 7.272727e-05
81 47 1.818182e-05
81 48 1.818182e-05
81 49 7.144565e-06
81 50 1.750114e-06
81 51 4.074953e-07
81 52 9.012238e-08
81 53 1.891692e-08
81 54 3.765237e-09
81 55 7.099587e-10
81 56 1.266784e-10
81 57 2.136385e-11
81 58 3.400854e-12
81 59 5.102565e-13
81 60 7.203966e-14
81 61 9.553190e-15
81 62 1.187515e-15
81 63 1.380574e-16
81 64 1.497292e-17
81 65 1.510546e-18
81 66 1.412969e-19
81 67 1.220942e-20
81 68 9.704578e-22
81 69 7.060640e-23
81 70 4.675254e-24
81 71 2.798447e-25
81 72 1.501954e-26
81 73 7.157118e-28
81 74 2.991190e-29
81 75 1.079468e-30
81 76 3.295748e-32
81 77 8.277784e-34
81 78 1.642219e-35
81 79 2.412927e-37
81 80 2.334360e-39
81 81 1.115394e-41
82 0 1.000000e+00
82 1 1.000000e+00
82 2 1.000000e+00
82 3 1.000000e+00
82 4 1.000000e+00
82 5 1.000000e+00
82 6 1.000000e+00
82 7 1.000000e+00
82 8 1.000000e+00
82 9 1.000000e+00
82 10 1.000000e+00
82 11 1.000000e+00
82 12 1.000000e+00
82 13 1.000000e+00
82 14 1.000000e+00
82 15 1.000000e+00
82 16 1.000000e+00
82 17 1.000000e+00
82 18 1.000000e+00
82 19 1.000000e+00
82 20 1.000000e+00
82 21 1.000000e+00
82 22 1.000000e+00
82 23 1.000000e+00
82 24 1.000000e+00
82 25 1.000000e+00
82 26 1.000000e+00
82 27 1.000000e+00
82 28 1.000000e+00
82 29 1.000000e+00
82 30 1.000000e+00
82 31 9.999364e-01
82 32 9.986273e-01
82 33 9.858182e-01
82 34 9.308545e-01
82 35 8.008909e-01
82 36 6.017909e-01
82 37 3.930545e-01
82 38 2.244364e-01
82 39 1.139091e-01
82 40 5.155455e-02
82 41 2.195455e-02
82 42 8.790909e-03
82 43 3.327273e-03
82 44 1.127273e-03
82 45 4.181818e-04
82 46 1.090909e-04
82 47 2.727273e-05
82 48 1.818182e-05
82 49 1.322856e-05
82 50 3.340571e-06
82 51 8.026531e-07
82 52 1.833789e-07
82 53 3.980790e-08
82 54 8.204209e-09
82 55 1.603851e-09
82 56 2.971131e-10
82 57 5.209977e-11
82 58 8.637370e-12
82 59 1.352006e-12
82 60 1.995191e-13
82 61 2.771317e-14
82 62 3.616524e-15
82 63 4.425040e-16
82 64 5.064970e-17
82 65 5.409576e-18
82 66 5.375620e-19
82 67 4.954047e-20
82 68 4.218403e-21
82 69 3.304802e-22
82 70 2.370371e-23
82 71 1.547627e-24
82 72 9.135873e-26
82 73 4.836627e-27
82 74 2.273820e-28
82 75 9.377142e-30
82 76 3.339796e-31
82 77 1.006517e-32
82 78 2.495797e-34
82 79 4.889041e-36
82 80 7.094184e-38
82 81 6.778879e-40
82 82 3.199740e-42
83 0 1.000000e+00
83 1 1.000000e+00
83 2 1.000000e+00
83 3 1.000000e+00
83 4 1.000000e+00
83 5 1.000000e+00
83 6 1.000000e+00
83 7 1.000000e+00
83 8 1.000000e+00
83 9 1.000000e+00
83 10 1.000000e+00
83 11 1.000000e+00
83 12 1.000000e+00
83 13 1.000000e+00
83 14 1.000000e+00
83 15 1.000000e+00
83 16 1.000000e+00
83 17 1.000000e+00
83 18 1.000000e+00
83 19 1.000000e+00
83 20 1.000000e+00
83 21 1.000000e+00
83 22 1.000000e+00
83 23 1.000000e+00
83 24 1.000000e+00
83 25 1.000000e+00
83 26 1.000000e+00
83 27 1.000000e+00
83 28 1.000000e+00
83 29 1.000000e+00
83 30 1.000000e+00
83 31 9.999727e-01
83 32 9.995364e-01
83 33 9.932636e-01
83 34 9.582273e-01
83 35 8.586182e-01
83 36 6.810091e-01
83 37 4.686000e-01
83 38 2.824000e-01
83 39 1.503091e-01
83 40 7.160909e-02
83 41 3.133636e-02
83 42 1.272727e-02
83 43 4.763636e-03
83 44 1.781818e-03
83 45 6.363636e-04
83 46 1.545455e-04
83 47 7.272727e-05
83 48 1.818182e-05
83 49 1.818182e-05
83 50 6.257306e-06
83 51 1.549954e-06
83 52 3.654245e-07
83 53 8.194730e-08
83 54 1.746664e-08
83 55 3.535632e-09
83 56 6.790718e-10
83 57 1.236295e-10
83 58 2.131123e-11
83 59 3.474133e-12
83 60 5.348747e-13
83 61 7.765679e-14
83 62 1.061481e-14
83 63 1.363501e-15
83 64 1.642565e-16
83 65 1.851502e-17
83 66 1.947827e-18
83 67 1.907000e-19
83 68 1.731847e-20
83 69 1.453500e-21
83 70 1.122580e-22
83 71 7.939234e-24
83 72 5.112131e-25
83 73 2.976734e-26
83 74 1.554768e-27
83 75 7.212554e-29
83 76 2.935543e-30
83 77 1.032038e-31
83 78 3.070620e-33
83 79 7.518180e-35
83 80 1.454433e-36
83 81 2.084515e-38
83 82 1.967695e-40
83 83 9.176460e-43
84 0 1.000000e+00
84 1 1.000000e+00
84 2 1.000000e+00
84 3 1.000000e+00
84 4 1.000000e+00
84 5 1.000000e+00
84 6 1.000000e+00
84 7 1.000000e+00
84 8 1.000000e+00
84 9 1.000000e+00
84 10 1.000000e+00
84 11 1.000000e+00
84 12 1.000000e+00
84 13 1.000000e+00
84 14 1.000000e+00
84 15 1.000000e+00
84 16 1.000000e+00
84 17 1.000000e+00
84 18 1.000000e+00
84 19 1.000000e+00
84 20 1.000000e+00
84 21 1.000000e+00
84 22 1.000000e+00
84 23 1.000000e+00
84 24 1.000000e+00
84 25 1.000000e+00
84 26 1.000000e+00
84 27 1.000000e+00
84 28 1.000000e+00
84 29 1.000000e+00
84 30 1.000000e+00
84 31 1.000000e+00
84 32 9.998000e-01
84 33 9.968091e-01
84 34 9.763909e-01
84 35 9.040182e-01
84 36 7.538727e-01
84 37 5.486818e-01
84 38 3.483727e-01
84 39 1.932545e-01
84 40 9.550909e-02
84 41 4.435455e-02
84 42 1.828182e-02
84 43 7.127273e-03
84 44 2.654545e-03
84 45 1.009091e-03
84 46 3.272727e-04
84 47 7.272727e-05
84 48 1.818182e-05
84 49 9.090909e-06
84 50 9.090909e-06
84 51 2.936705e-06
84 52 7.137890e-07
84 53 1.651847e-07
84 54 3.637200e-08
84 55 7.614423e-09
84 56 1.514330e-09
84 57 2.858394e-10
84 58 5.115697e-11
84 59 8.671352e-12
84 60 1.390390e-12
84 61 2.106041e-13
84 62 3.009041e-14
84 63 4.048568e-15
84 64 5.120216e-16
84 65 6.074349e-17
84 66 6.744399e-18
84 67 6.990468e-19
84 68 6.744284e-20
84 69 6.036901e-21
84 70 4.994892e-22
84 71 3.803825e-23
84 72 2.653118e-24
84 73 1.685139e-25
84 74 9.680732e-27
84 75 4.989362e-28
84 76 2.284307e-29
84 77 9.177253e-31
84 78 3.185299e-32
84 79 9.357935e-34
84 80 2.262737e-35
84 81 4.323631e-37
84 82 6.121505e-39
84 83 5.709160e-41
84 84 2.630949e-43
85 0 1.000000e+00
85 1 1.000000e+00
85 2 1.000000e+00
85 3 1.000000e+00
85 4 1.000000e+00
85 5 1.000000e+00
85 6 1.000000e+00
85 7 1.000000e+00
85 8 1.000000e+00
85 9 1.000000e+00
85 10 1.000000e+00
85 11 1.000000e+00
85 12 1.000000e+00
85 13 1.000000e+00
85 14 1.000000e+00
85 15 1.000000e+00
85 16 1.000000e+00
85 17 1.000000e+00
85 18 1.000000e+00
85 19 1.000000e+00
85 20 1.000000e+00
85 21 1.000000e+00
85 22 1.000000e+00
85 23 1.000000e+00
85 24 1.000000e+00
85 25 1.000000e+00
85 26 1.000000e+00
85 27 1.000000e+00
85 28 1.000000e+00
85 29 1.000000e+00
85 30 1.000000e+00
85 31 1.000000e+00
85 32 9.999091e-01
85 33 9.986455e-01
85 34 9.877182e-01
85 35 9.390545e-01
85 36 8.179000e-01
85 37 6.280636e-01
85 38 4.197455e-01
85 39 2.441364e-01
85 40 1.273000e-01
85 41 6.007273e-02
85 42 2.649091e-02
85 43 1.009091e-02
85 44 4.045455e-03
85 45 1.572727e-03
85 46 5.000000e-04
85 47 1.545455e-04
85 48 2.727273e-05
85 49 1.818182e-05
85 50 9.090909e-06
85 51 5.463780e-06
85 52 1.367831e-06
85 53 3.263391e-07
85 54 7.415406e-08
85 55 1.603734e-08
85 56 3.298622e-09
85 57 6.447233e-10
85 58 1.196341e-10
85 59 2.105411e-11
85 60 3.510218e-12
85 61 5.537470e-13
85 62 8.254267e-14
85 63 1.160868e-14
85 64 1.537810e-15
85 65 1.915296e-16
85 66 2.238162e-17
85 67 2.448353e-18
85 68 2.500738e-19
85 69 2.378038e-20
85 70 2.098483e-21
85 71 1.712028e-22
85 72 1.285824e-23
85 73 8.846568e-25
85 74 5.543572e-26
85 75 3.142495e-27
85 76 1.598448e-28
85 77 7.223840e-30
85 78 2.865218e-31
85 79 9.819645e-33
85 80 2.849010e-34
85 81 6.804285e-36
85 82 1.284387e-37
85 83 1.796667e-39
85 84 1.655791e-41
85 85 7.541011e-44
86 0 1.000000e+00
86 1 1.000000e+00
86 2 1.000000e+00
86 3 1.000000e+00
86 4 1.000000e+00
86 5 1.000000e+00
86 6 1.000000e+00
86 7 1.000000e+00
86 8 1.000000e+00
86 9 1.000000e+00
86 10 1.000000e+00
86 11 1.000000e+00
86 12 1.000000e+00
86 13 1.000000e+00
86 14 1.000000e+00
86 15 1.000000e+00
86 16 1.000000e+00
86 17 1.000000e+00
86 18 1.000000e+00
86 19 1.000000e+00
86 20 1.000000e+00
86 21 1.000000e+00
86 22 1.000000e+00
86 23 1.000000e+00
86 24 1.000000e+00
86 25 1.000000e+00
86 26 1.000000e+00
86 27 1.000000e+00
86 28 1.000000e+00
86 29 1.000000e+00
86 30 1.000000e+00
86 31 1.000000e+00
86 32 9.999909e-01
86 33 9.995364e-01
86 34 9.940364e-01
86 35 9.637182e-01
86 36 8.710636e-01
86 37 7.029636e-01
86 38 4.958091e-01
86 39 3.052091e-01
86 40 1.659182e-01
86 41 8.071818e-02
86 42 3.634545e-02
86 43 1.516364e-02
86 44 5.790909e-03
86 45 2.254545e-03
86 46 8.000000e-04
86 47 3.000000e-04
86 48 1.090909e-04
86 49 1.818182e-05
86 50 9.090909e-06
86 51 9.090909e-06
86 52 2.573518e-06
86 53 6.324114e-07
86 54 1.481521e-07
86 55 3.306578e-08
86 56 7.026053e-09
86 57 1.420277e-09
86 58 2.728965e-10
86 59 4.979462e-11
86 60 8.619518e-12
86 61 1.413875e-12
86 62 2.194968e-13
86 63 3.220632e-14
86 64 4.459585e-15
86 65 5.817856e-16
86 66 7.137442e-17
86 67 8.217490e-18
86 68 8.858390e-19
86 69 8.918090e-20
86 70 8.360505e-21
86 71 7.274685e-22
86 72 5.853257e-23
86 73 4.336375e-24
86 74 2.943453e-25
86 75 1.820060e-26
86 76 1.018261e-27
86 77 5.112628e-29
86 78 2.281109e-30
86 79 8.933820e-32
86 80 3.023741e-33
86 81 8.665191e-35
86 82 2.044403e-36
86 83 3.812791e-38
86 84 5.270347e-40
86 85 4.800225e-42
86 86 2.160873e-44
87 0 1.000000e+00
87 1 1.000000e+00
87 2 1.000000e+00
87 3 1.000000e+00
87 4 1.000000e+00
87 5 1.000000e+00
87 6 1.000000e+00
87 7 1.000000e+00
87 8 1.000000e+00
87 9 1.000000e+00
87 10 1.000000e+00
87 11 1.000000e+00
87 12 1.000000e+00
87 13 1.000000e+00
87 14 1.000000e+00
87 15 1.000000e+00
87 16 1.000000e+00
87 17 1.000000e+00
87 18 1.000000e+00
87 19 1.000000e+00
87 20 1.000000e+00
87 21 1.000000e+00
87 22 1.000000e+00
87 23 1.000000e+00
87 24 1.000000e+00
87 25 1.000000e+00
87 26 1.000000e+00
87 27 1.000000e+00
87 28 1.000000e+00
87 29 1.000000e+00
87 30 1.000000e+00
87 31 1.000000e+00
87 32 1.000000e+00
87 33 9.998545e-01
87 34 9.974091e-01
87 35 9.792455e-01
87 36 9.137727e-01
87 37 7.730000e-01
87 38 5.749182e-01
87 39 3.720818e-01
87 40 2.120091e-01
87 41 1.074909e-01
87 42 5.016364e-02
87 43 2.170909e-02
87 44 8.527273e-03
87 45 3.245455e-03
87 46 1.136364e-03
87 47 4.545455e-04
87 48 1.818182e-04
87 49 3.636364e-05
87 50 9.090909e-06
87 51 9.090909e-06
87 52 4.757457e-06
87 53 1.203109e-06
87 54 2.903050e-07
87 55 6.679949e-08
87 56 1.464820e-08
87 57 3.059023e-09
87 58 6.079005e-10
87 59 1.148587e-10
87 60 2.061439e-11
87 61 3.510792e-12
87 62 5.667297e-13
87 63 8.660476e-14
87 64 1.251140e-14
87 65 1.706125e-15
87 66 2.192441e-16
87 67 2.650029e-17
87 68 3.006646e-18
87 69 3.194645e-19
87 70 3.170673e-20
87 71 2.930953e-21
87 72 2.515185e-22
87 73 1.996242e-23
87 74 1.459086e-24
87 75 9.772962e-26
87 76 5.964092e-27
87 77 3.293670e-28
87 78 1.632671e-29
87 79 7.192886e-31
87 80 2.782048e-32
87 81 9.300544e-34
87 82 2.632950e-35
87 83 6.137548e-37
87 84 1.131089e-38
87 85 1.545177e-40
87 86 1.391056e-42
87 87 6.190334e-45
88 0 1.000000e+00
88 1 1.000000e+00
88 2 1.000000e+00
88 3 1.000000e+00
88 4 1.000000e+00
88 5 1.000000e+00
88 6 1.000000e+00
88 7 1.000000e+00
88 8 1.000000e+00
88 9 1.000000e+00
88 10 1.000000e+00
88 11 1.000000e+00
88 12 1.000000e+00
88 13 1.000000e+00
88 14 1.000000e+00
88 15 1.000000e+00
88 16 1.000000e+00
88 17 1.000000e+00
88 18 1.000000e+00
88 19 1.000000e+00
88 20 1.000000e+00
88 21 1.000000e+00
88 22 1.000000e+00
88 23 1.000000e+00
88 24 1.000000e+00
88 25 1.000000e+00
88 26 1.000000e+00
88 27 1.000000e+00
88 28 1.000000e+00
88 29 1.000000e+00
88 30 1.000000e+00
88 31 1.000000e+00
88 32 1.000000e+00
88 33 9.999364e-01
88 34 9.989182e-01
88 35 9.893364e-01
88 36 9.451364e-01
88 37 8.330636e-01
88 38 6.513182e-01
88 39 4.449727e-01
88 40 2.650000e-01
88 41 1.420273e-01
88 42 6.830000e-02
88 43 3.040000e-02
88 44 1.261818e-02
88 45 4.727273e-03
88 46 1.745455e-03
88 47 6.272727e-04
88 48 2.363636e-04
88 49 7.272727e-05
88 50 9.090909e-06
88 51 9.090909e-06
88 52 8.647206e-06
88 53 2.248572e-06
88 54 5.583673e-07
88 55 1.323382e-07
88 56 2.991912e-08
88 57 6.448079e-09
88 58 1.323796e-09
88 59 2.586911e-10
88 60 4.807712e-11
88 61 8.489505e-12
88 62 1.422862e-12
88 63 2.260919e-13
88 64 3.401769e-14
88 65 4.839750e-15
88 66 6.500974e-16
88 67 8.230776e-17
88 68 9.803941e-18
88 69 1.096374e-18
88 70 1.148452e-19
88 71 1.123932e-20
88 72 1.024657e-21
88 73 8.673630e-23
88 74 6.791788e-24
88 75 4.898557e-25
88 76 3.238204e-26
88 77 1.950679e-27
88 78 1.063546e-28
88 79 5.205691e-30
88 80 2.264927e-31
88 81 8.652724e-33
88 82 2.857579e-34
88 83 7.992768e-36
88 84 1.841092e-37
88 85 3.353231e-39
88 86 4.527828e-41
88 87 4.029572e-43
88 88 1.772910e-45
89 0 1.000000e+00
89 1 1.000000e+00
89 2 1.000000e+00
89 3 1.000000e+00
89 4 1.000000e+00
89 5 1.000000e+00
89 6 1.000000e+00
89 7 1.000000e+00
89 8 1.000000e+00
89 9 1.000000e+00
89 10 1.000000e+00
89 11 1.000000e+00
89 12 1.000000e+00
89 13 1.000000e+00
89 14 1.000000e+00
89 15 1.000000e+00
89 16 1.000000e+00
89 17 1.000000e+00
89 18 1.000000e+00
89 19 1.000000e+00
89 20 1.000000e+00
89 21 1.000000e+00
89 22 1.000000e+00
89 23 1.000000e+00
89 24 1.000000e+00
89 25 1.000000e+00
89 26 1.000000e+00
89 27 1.000000e+00
89 28 1.000000e+00
89 29 1.000000e+00
89 30 1.000000e+00
89 31 1.000000e+00
89 32 1.000000e+00
89 33 9.999909e-01
89 34 9.995727e-01
89 35 9.950818e-01
89 36 9.670364e-01
89 37 8.827727e-01
89 38 7.238364e-01
89 39 5.209636e-01
89 40 3.269273e-01
89 41 1.833818e-01
89 42 9.031818e-02
89 43 4.208182e-02
89 44 1.820909e-02
89 45 7.490909e-03
89 46 2.636364e-03
89 47 8.545455e-04
89 48 4.272727e-04
89 49 1.454545e-04
89 50 3.636364e-05
89 51 9.090909e-06
89 52 9.090909e-06
89 53 4.131491e-06
89 54 1.054938e-06
89 55 2.573127e-07
89 56 5.992065e-08
89 57 1.331420e-08
89 58 2.820934e-09
89 59 5.695058e-10
89 60 1.094681e-10
89 61 2.001638e-11
89 62 3.478390e-12
89 63 5.738693e-13
89 64 8.978256e-14
89 65 1.330357e-14
89 66 1.864401e-15
89 67 2.467416e-16
89 68 3.078533e-17
89 69 3.614366e-18
89 70 3.984793e-19
89 71 4.115852e-20
89 72 3.972551e-21
89 73 3.572488e-22
89 74 2.983558e-23
89 75 2.305342e-24
89 76 1.641011e-25
89 77 1.070810e-26
89 78 6.368388e-28
89 79 3.428503e-29
89 80 1.657292e-30
89 81 7.122182e-32
89 82 2.687908e-33
89 83 8.770518e-35
89 84 2.424103e-36
89 85 5.518441e-38
89 86 9.934593e-40
89 87 1.326110e-41
89 88 1.166831e-43
89 89 5.076330e-46
90 0 1.000000e+00
90 1 1.000000e+00
90 2 1.000000e+00
90 3 1.000000e+00
90 4 1.000000e+00
90 5 1.000000e+00
90 6 1.000000e+00
90 7 1.000000e+00
90 8 1.000000e+00
90 9 1.000000e+00
90 10 1.000000e+00
90 11 1.000000e+00
90 12 1.000000e+00
90 13 1.000000e+00
90 14 1.000000e+00
90 15 1.000000e+00
90 16 1.000000e+00
90 17 1.000000e+00
90 18 1.000000e+00
90 19 1.000000e+00
90 20 1.000000e+00
90 21 1.000000e+00
90 22 1.000000e+00
90 23 1.000000e+00
90 24 1.000000e+00
90 25 1.000000e+00
90 26 1.000000e+00
90 27 1.000000e+00
90 28 1.000000e+00
90 29 1.000000e+00
90 30 1.000000e+00
90 31 1.000000e+00
90 32 1.000000e+00
90 33 1.000000e+00
90 34 9.998182e-01
90 35 9.976727e-01
90 36 9.817545e-01
90 37 9.215727e-01
90 38 7.900636e-01
90 39 5.977545e-01
90 40 3.951727e-01
90 41 2.315000e-01
90 42 1.197091e-01
90 43 5.712727e-02
90 44 2.564545e-02
90 45 1.071818e-02
90 46 4.109091e-03
90 47 1.318182e-03
90 48 5.818182e-04
90 49 2.000000e-04
90 50 6.363636e-05
90 51 9.090909e-06
90 52 9.090909e-06
90 53 7.467722e-06
90 54 1.959195e-06
90 55 4.913880e-07
90 56 1.177644e-07
90 57 2.695313e-08
90 58 5.887738e-09
90 59 1.226718e-09
90 60 2.436032e-10
90 61 4.606983e-11
90 62 8.290228e-12
90 63 1.418132e-12
90 64 2.303619e-13
90 65 3.549347e-14
90 66 5.180601e-15
90 67 7.153212e-16
90 68 9.329219e-17
90 69 1.147300e-17
90 70 1.327953e-18
90 71 1.443637e-19
90 72 1.470606e-20
90 73 1.400137e-21
90 74 1.242265e-22
90 75 1.023757e-23
90 76 7.807128e-25
90 77 5.485716e-26
90 78 3.534035e-27
90 79 2.075363e-28
90 80 1.103424e-29
90 81 5.268368e-31
90 82 2.236627e-32
90 83 8.339907e-34
90 84 2.689056e-35
90 85 7.345367e-37
90 86 1.652819e-38
90 87 2.941458e-40
90 88 3.881970e-42
90 89 3.377498e-44
90 90 1.453134e-46
91 0 1.000000e+00
91 1 1.000000e+00
91 2 1.000000e+00
91 3 1.000000e+00
91 4 1.000000e+00
91 5 1.000000e+00
91 6 1.000000e+00
91 7 1.000000e+00
91 8 1.000000e+00
91 9 1.000000e+00
91 10 1.000000e+00
91 11 1.000000e+00
91 12 1.000000e+00
91 13 1.000000e+00
91 14 1.000000e+00
91 15 1.000000e+00
91 16 1.000000e+00
91 17 1.000000e+00
91 18 1.000000e+00
91 19 1.000000e+00
91 20 1.000000e+00
91 21 1.000000e+00
91 22 1.000000e+00
91 23 1.000000e+00
91 24 1.000000e+00
91 25 1.000000e+00
91 26 1.000000e+00
91 27 1.000000e+00
91 28 1.000000e+00
91 29 1.000000e+00
91 30 1.000000e+00
91 31 1.000000e+00
91 32 1.000000e+00
91 33 1.000000e+00
91 34 9.999545e-01
91 35 9.990182e-01
91 36 9.906273e-01
91 37 9.502545e-01
91 38 8.462364e-01
91 39 6.727455e-01
91 40 4.689636e-01
91 41 2.864000e-01
91 42 1.579909e-01
91 43 7.672727e-02
91 44 3.519091e-02
91 45 1.541818e-02
91 46 6.045455e-03
91 47 2.054545e-03
91 48 7.000000e-04
91 49 3.454545e-04
91 50 1.090909e-04
91 51 2.727273e-05
91 52 9.090909e-06
91 53 9.090909e-06
91 54 3.578963e-06
91 55 9.223154e-07
91 56 2.272933e-07
91 57 5.353783e-08
91 58 1.204650e-08
91 59 2.587754e-09
91 60 5.303420e-10
91 61 1.036195e-10
91 62 1.928549e-11
91 63 3.416180e-12
91 64 5.753777e-13
91 65 9.204679e-14
91 66 1.397026e-14
91 67 2.009037e-15
91 68 2.733709e-16
91 69 3.514218e-17
91 70 4.260688e-18
91 71 4.862827e-19
91 72 5.213747e-20
91 73 5.239068e-21
91 74 4.921215e-22
91 75 4.308605e-23
91 76 3.504403e-24
91 77 2.638004e-25
91 78 1.830018e-26
91 79 1.164125e-27
91 80 6.751454e-29
91 81 3.545568e-30
91 82 1.672338e-31
91 83 7.014693e-33
91 84 2.584669e-34
91 85 8.236300e-36
91 86 2.223786e-37
91 87 4.946629e-39
91 88 8.703769e-41
91 89 1.135827e-42
91 90 9.772921e-45
91 91 4.158690e-47
92 0 1.000000e+00
92 1 1.000000e+00
92 2 1.000000e+00
92 3 1.000000e+00
92 4 1.000000e+00
92 5 1.000000e+00
92 6 1.000000e+00
92 7 1.000000e+00
92 8 1.000000e+00
92 9 1.000000e+00
92 10 1.000000e+00
92 11 1.000000e+00
92 12 1.000000e+00
92 13 1.000000e+00
92 14 1.000000e+00
92 15 1.000000e+00
92 16 1.000000e+00
92 17 1.000000e+00
92 18 1.000000e+00
92 19 1.000000e+00
92 20 1.000000e+00
92 21 1.000000e+00
92 22 1.000000e+00
92 23 1.000000e+00
92 24 1.000000e+00
92 25 1.000000e+00
92 26 1.000000e+00
92 27 1.000000e+00
92 28 1.000000e+00
92 29 1.000000e+00
92 30 1.000000e+00
92 31 1.000000e+00
92 32 1.000000e+00
92 33 1.000000e+00
92 34 9.999909e-01
92 35 9.995909e-01
92 36 9.953636e-01
92 37 9.702727e-01
92 38 8.926182e-01
92 39 7.427545e-01
92 40 5.439636e-01
92 41 3.492545e-01
92 42 2.006818e-01
92 43 1.019545e-01
92 44 4.833636e-02
92 45 2.149091e-02
92 46 9.072727e-03
92 47 3.309091e-03
92 48 1.090909e-03
92 49 4.636364e-04
92 50 1.545455e-04
92 51 6.363636e-05
92 52 9.090909e-06
92 53 9.090909e-06
92 54 6.434772e-06
92 55 1.702595e-06
92 56 4.311211e-07
92 57 1.044230e-07
92 58 2.418131e-08
92 59 5.350653e-09
92 60 1.130601e-09
92 61 2.279782e-10
92 62 4.383667e-11
92 63 8.031375e-12
92 64 1.400764e-12
92 65 2.323493e-13
92 66 3.661487e-14
92 67 5.475294e-15
92 68 7.759549e-16
92 69 1.040723e-16
92 70 1.318963e-17
92 71 1.576844e-18
92 72 1.774947e-19
92 73 1.877215e-20
92 74 1.861074e-21
92 75 1.725058e-22
92 76 1.490610e-23
92 77 1.196768e-24
92 78 8.894269e-26
92 79 6.092538e-27
92 80 3.827526e-28
92 81 2.192587e-29
92 82 1.137498e-30
92 83 5.300991e-32
92 84 2.197208e-33
92 85 8.001232e-35
92 86 2.520183e-36
92 87 6.726639e-38
92 88 1.479366e-39
92 89 2.573890e-41
92 90 3.321732e-43
92 91 2.826825e-45
92 92 1.189884e-47
93 0 1.000000e+00
93 1 1.000000e+00
93 2 1.000000e+00
93 3 1.000000e+00
93 4 1.000000e+00
93 5 1.000000e+00
93 6 1.000000e+00
93 7 1.000000e+00
93 8 1.000000e+00
93 9 1.000000e+00
93 10 1.000000e+00
93 11 1.000000e+00
93 12 1.000000e+00
93 13 1.000000e+00
93 14 1.000000e+00
93 15 1.000000e+00
93 16 1.000000e+00
93 17 1.000000e+00
93 18 1.000000e+00
93 19 1.000000e+00
93 20 1.000000e+00
93 21 1.000000e+00
93 22 1.000000e+00
93 23 1.000000e+00
93 24 1.000000e+00
93 25 1.000000e+00
93 26 1.000000e+00
93 27 1.000000e+00
93 28 1.000000e+00
93 29 1.000000e+00
93 30 1.000000e+00
93 31 1.000000e+00
93 32 1.000000e+00
93 33 1.000000e+00
93 34 1.000000e+00
93 35 9.998273e-01
93 36 9.980000e-01
93 37 9.831545e-01
93 38 9.287818e-01
93 39 8.057091e-01
93 40 6.204364e-01
93 41 4.191091e-01
93 42 2.492727e-01
93 43 1.331455e-01
93 44 6.474545e-02
93 45 2.999091e-02
93 46 1.296364e-02
93 47 4.963636e-03
93 48 1.800000e-03
93 49 6.818182e-04
93 50 2.545455e-04
93 51 8.181818e-05
93 52 3.636364e-05
93 53 9.090909e-06
93 54 9.090909e-06
93 55 3.093064e-06
93 56 8.041524e-07
93 57 2.001339e-07
93 58 4.765757e-08
93 59 1.085292e-08
93 60 2.362208e-09
93 61 4.911059e-10
93 62 9.745887e-11
93 63 1.844727e-11
93 64 3.327762e-12
93 65 5.716026e-13
93 66 9.339712e-14
93 67 1.450127e-14
93 68 2.136996e-15
93 69 2.985171e-16
93 70 3.947214e-17
93 71 4.932820e-18
93 72 5.816217e-19
93 73 6.458122e-20
93 74 6.738792e-21
93 75 6.592571e-22
93 76 6.031040e-23
93 77 5.144251e-24
93 78 4.077633e-25
93 79 2.992387e-26
93 80 2.024334e-27
93 81 1.256158e-28
93 82 7.108686e-30
93 83 3.643781e-31
93 84 1.677988e-32
93 85 6.873743e-34
93 86 2.474160e-35
93 87 7.703870e-37
93 88 2.032999e-38
93 89 4.421112e-40
93 90 7.607047e-42
93 91 9.709876e-44
93 92 8.173768e-46
93 93 3.403711e-48
94 0 1.000000e+00
94 1 1.000000e+00
94 2 1.000000e+00
94 3 1.000000e+00
94 4 1.000000e+00
94 5 1.000000e+00
94 6 1.000000e+00
94 7 1.000000e+00
94 8 1.000000e+00
94 9 1.000000e+00
94 10 1.000000e+00
94 11 1.000000e+00
94 12 1.000000e+00
94 13 1.000000e+00
94 14 1.000000e+00
94 15 1.000000e+00
94 16 1.000000e+00
94 17 1.000000e+00
94 18 1.000000e+00
94 19 1.000000e+00
94 20 1.000000e+00
94 21 1.000000e+00
94 22 1.000000e+00
94 23 1.000000e+00
94 24 1.000000e+00
94 25 1.000000e+00
94 26 1.000000e+00
94 27 1.000000e+00
94 28 1.000000e+00
94 29 1.000000e+00
94 30 1.000000e+00
94 31 1.000000e+00
94 32 1.000000e+00
94 33 1.000000e+00
94 34 1.000000e+00
94 35 9.999636e-01
94 36 9.991818e-01
94 37 9.914364e-01
94 38 9.554818e-01
94 39 8.584455e-01
94 40 6.925818e-01
94 41 4.926000e-01
94 42 3.076455e-01
94 43 1.717636e-01
94 44 8.582727e-02
94 45 4.057273e-02
94 46 1.814545e-02
94 47 7.181818e-03
94 48 2.663636e-03
94 49 9.818182e-04
94 50 4.000000e-04
94 51 9.090909e-05
94 52 3.636364e-05
94 53 2.727273e-05
94 54 1.987783e-05
94 55 5.533063e-06
94 56 1.475957e-06
94 57 3.771575e-07
94 58 9.228354e-08
94 59 2.161079e-08
94 60 4.840987e-09
94 61 1.036725e-09
94 62 2.121223e-10
94 63 4.143831e-11
94 64 7.722956e-12
94 65 1.372061e-12
94 66 2.321564e-13
94 67 3.737481e-14
94 68 5.718754e-15
94 69 8.306872e-16
94 70 1.144005e-16
94 71 1.491620e-17
94 72 1.838458e-18
94 73 2.138306e-19
94 74 2.342524e-20
94 75 2.412039e-21
94 76 2.328927e-22
94 77 2.103120e-23
94 78 1.771069e-24
94 79 1.386219e-25
94 80 1.004660e-26
94 81 6.713156e-28
94 82 4.115249e-29
94 83 2.300971e-30
94 84 1.165481e-31
94 85 5.304360e-33
94 86 2.147766e-34
94 87 7.642371e-36
94 88 2.352730e-37
94 89 6.139284e-39
94 90 1.320332e-40
94 91 2.246939e-42
94 92 2.837029e-44
94 93 2.362640e-46
94 94 9.734242e-49
95 0 1.000000e+00
95 1 1.000000e+00
95 2 1.000000e+00
95 3 1.000000e+00
95 4 1.000000e+00
95 5 1.000000e+00
95 6 1.000000e+00
95 7 1.000000e+00
95 8 1.000000e+00
95 9 1.000000e+00
95 10 1.000000e+00
95 11 1.000000e+00
95 12 1.000000e+00
95 13 1.000000e+00
95 14 1.000000e+00
95 15 1.000000e+00
95 16 1.000000e+00
95 17 1.000000e+00
95 18 1.000000e+00
95 19 1.000000e+00
95 20 1.000000e+00
95 21 1.000000e+00
95 22 1.000000e+00
95 23 1.000000e+00
95 24 1.000000e+00
95 25 1.000000e+00
95 26 1.000000e+00
95 27 1.000000e+00
95 28 1.000000e+00
95 29 1.000000e+00
95 30 1.000000e+00
95 31 1.000000e+00
95 32 1.000000e+00
95 33 1.000000e+00
95 34 1.000000e+00
95 35 1.000000e+00
95 36 9.996727e-01
95 37 9.958727e-01
95 38 9.734636e-01
95 39 9.016364e-01
95 40 7.598909e-01
95 41 5.670818e-01
95 42 3.721182e-01
95 43 2.168636e-01
95 44 1.131182e-01
95 45 5.484545e-02
95 46 2.480909e-02
95 47 1.054545e-02
95 48 4.054545e-03
95 49 1.518182e-03
95 50 6.454545e-04
95 51 1.909091e-04
95 52 4.545455e-05
95 53 2.727273e-05
95 54 1.818182e-05
95 55 9.751699e-06
95 56 2.667224e-06
95 57 6.993145e-07
95 58 1.756894e-07
95 59 4.227531e-08
95 60 9.738358e-09
95 61 2.146402e-09
95 62 4.523868e-10
95 63 9.111823e-11
95 64 1.752649e-11
95 65 3.216983e-12
95 66 5.629977e-13
95 67 9.385887e-14
95 68 1.489106e-14
95 69 2.245892e-15
95 70 3.216264e-16
95 71 4.367700e-17
95 72 5.616630e-18
95 73 6.828787e-19
95 74 7.836278e-20
95 75 8.471302e-21
95 76 8.608957e-22
95 77 8.205295e-23
95 78 7.315520e-24
95 79 6.083144e-25
95 80 4.702221e-26
95 81 3.366158e-27
95 82 2.222033e-28
95 83 1.345832e-29
95 84 7.435974e-31
95 85 3.722407e-32
95 86 1.674565e-33
95 87 6.702911e-35
95 88 2.358132e-36
95 89 7.178444e-38
95 90 1.852455e-39
95 91 3.940373e-41
95 92 6.633167e-43
95 93 8.285507e-45
95 94 6.826965e-47
95 95 2.783271e-49
96 0 1.000000e+00
96 1 1.000000e+00
96 2 1.000000e+00
96 3 1.000000e+00
96 4 1.000000e+00
96 5 1.000000e+00
96 6 1.000000e+00
96 7 1.000000e+00
96 8 1.000000e+00
96 9 1.000000e+00
96 10 1.000000e+00
96 11 1.000000e+00
96 12 1.000000e+00
96 13 1.000000e+00
96 14 1.000000e+00
96 15 1.000000e+00
96 16 1.000000e+00
96 17 1.000000e+00
96 18 1.000000e+00
96 19 1.000000e+00
96 20 1.000000e+00
96 21 1.000000e+00
96 22 1.000000e+00
96 23 1.000000e+00
96 24 1.000000e+00
96 25 1.000000e+00
96 26 1.000000e+00
96 27 1.000000e+00
96 28 1.000000e+00
96 29 1.000000e+00
96 30 1.000000e+00
96 31 1.000000e+00
96 32 1.000000e+00
96 33 1.000000e+00
96 34 1.000000e+00
96 35 1.000000e+00
96 36 9.999364e-01
96 37 9.982727e-01
96 38 9.852273e-01
96 39 9.362636e-01
96 40 8.194364e-01
96 41 6.400909e-01
96 42 4.403909e-01
96 43 2.683000e-01
96 44 1.464545e-01
96 45 7.302727e-02
96 46 3.368182e-02
96 47 1.496364e-02
96 48 6.054545e-03
96 49 2.318182e-03
96 50 9.090909e-04
96 51 3.454545e-04
96 52 1.090909e-04
96 53 3.636364e-05
96 54 1.818182e-05
96 55 1.694178e-05
96 56 4.748275e-06
96 57 1.276513e-06
96 58 3.290541e-07
96 59 8.129887e-08
96 60 1.924343e-08
96 61 4.361616e-09
96 62 9.461182e-10
96 63 1.963000e-10
96 64 3.893073e-11
96 65 7.374921e-12
96 66 1.333466e-12
96 67 2.299342e-13
96 68 3.777694e-14
96 69 5.907720e-15
96 70 8.784395e-16
96 71 1.240473e-16
96 72 1.661433e-17
96 73 2.107560e-18
96 74 2.528130e-19
96 75 2.862815e-20
96 76 3.054463e-21
96 77 3.064142e-22
96 78 2.883344e-23
96 79 2.538400e-24
96 80 2.084600e-25
96 81 1.591633e-26
96 82 1.125599e-27
96 83 7.341277e-29
96 84 4.393847e-30
96 85 2.399301e-31
96 86 1.187195e-32
96 87 5.279690e-34
96 88 2.089460e-35
96 89 7.268716e-37
96 90 2.188227e-38
96 91 5.585146e-40
96 92 1.175169e-41
96 93 1.957087e-43
96 94 2.418709e-45
96 95 1.972041e-47
96 96 7.956361e-50
97 0 1.000000e+00
97 1 1.000000e+00
97 2 1.000000e+00
97 3 1.000000e+00
97 4 1.000000e+00
97 5 1.000000e+00
97 6 1.000000e+00
97 7 1.000000e+00
97 8 1.000000e+00
97 9 1.000000e+00
97 10 1.000000e+00
97 11 1.000000e+00
97 12 1.000000e+00
97 13 1.000000e+00
97 14 1.000000e+00
97 15 1.000000e+00
97 16 1.000000e+00
97 17 1.000000e+00
97 18 1.000000e+00
97 19 1.000000e+00
97 20 1.000000e+00
97 21 1.000000e+00
97 22 1.000000e+00
97 23 1.000000e+00
97 24 1.000000e+00
97 25 1.000000e+00
97 26 1.000000e+00
97 27 1.000000e+00
97 28 1.000000e+00
97 29 1.000000e+00
97 30 1.000000e+00
97 31 1.000000e+00
97 32 1.000000e+00
97 33 1.000000e+00
97 34 1.000000e+00
97 35 1.000000e+00
97 36 9.999818e-01
97 37 9.993545e-01
97 38 9.922000e-01
97 39 9.597091e-01
97 40 8.684818e-01
97 41 7.120000e-01
97 42 5.137727e-01
97 43 3.272818e-01
97 44 1.865000e-01
97 45 9.626364e-02
97 46 4.621818e-02
97 47 2.048182e-02
97 48 8.727273e-03
97 49 3.354545e-03
97 50 1.372727e-03
97 51 4.636364e-04
97 52 1.272727e-04
97 53 5.454545e-05
97 54 1.818182e-05
97 55 9.090909e-06
97 56 8.331622e-06
97 57 2.295209e-06
97 58 6.066603e-07
97 59 1.537929e-07
97 60 3.737788e-08
97 61 8.705277e-09
97 62 1.941886e-09
97 63 4.146685e-10
97 64 8.471416e-11
97 65 1.654651e-11
97 66 3.087767e-12
97 67 5.500922e-13
97 68 9.347897e-14
97 69 1.513847e-14
97 70 2.334028e-15
97 71 3.422257e-16
97 72 4.766333e-17
97 73 6.297317e-18
97 74 7.881447e-19
97 75 9.329416e-20
97 76 1.042680e-20
97 77 1.098165e-21
97 78 1.087644e-22
97 79 1.010621e-23
97 80 8.786841e-25
97 81 7.127575e-26
97 82 5.376163e-27
97 83 3.756522e-28
97 84 2.421072e-29
97 85 1.432104e-30
97 86 7.729769e-32
97 87 3.781054e-33
97 88 1.662510e-34
97 89 6.505933e-36
97 90 2.238238e-37
97 91 6.664481e-39
97 92 1.682617e-40
97 93 3.502498e-42
97 94 5.771168e-44
97 95 7.057672e-46
97 96 5.694624e-48
97 97 2.273951e-50
98 0 1.000000e+00
98 1 1.000000e+00
98 2 1.000000e+00
98 3 1.000000e+00
98 4 1.000000e+00
98 5 1.000000e+00
98 6 1.000000e+00
98 7 1.000000e+00
98 8 1.000000e+00
98 9 1.000000e+00
98 10 1.000000e+00
98 11 1.000000e+00
98 12 1.000000e+00
98 13 1.000000e+00
98 14 1.000000e+00
98 15 1.000000e+00
98 16 1.000000e+00
98 17 1.000000e+00
98 18 1.000000e+00
98 19 1.000000e+00
98 20 1.000000e+00
98 21 1.000000e+00
98 22 1.000000e+00
98 23 1.000000e+00
98 24 1.000000e+00
98 25 1.000000e+00
98 26 1.000000e+00
98 27 1.000000e+00
98 28 1.000000e+00
98 29 1.000000e+00
98 30 1.000000e+00
98 31 1.000000e+00
98 32 1.000000e+00
98 33 1.000000e+00
98 34 1.000000e+00
98 35 1.000000e+00
98 36 1.000000e+00
98 37 9.997818e-01
98 38 9.964091e-01
98 39 9.760455e-01
98 40 9.091909e-01
98 41 7.769818e-01
98 42 5.878182e-01
98 43 3.912000e-01
98 44 2.341727e-01
98 45 1.249455e-01
98 46 6.236364e-02
98 47 2.875455e-02
98 48 1.212727e-02
98 49 4.981818e-03
98 50 1.890909e-03
98 51 8.000000e-04
98 52 3.090909e-04
98 53 9.090909e-05
98 54 1.818182e-05
98 55 1.818182e-05
98 56 1.441635e-05
98 57 4.067154e-06
98 58 1.101596e-06
98 59 2.863515e-07
98 60 7.140942e-08
98 61 1.707685e-08
98 62 3.914313e-09
98 63 8.595666e-10
98 64 1.807341e-10
98 65 3.636438e-11
98 66 6.996852e-12
98 67 1.286500e-12
98 68 2.258707e-13
98 69 3.783428e-14
98 70 6.040691e-15
98 71 9.183901e-16
98 72 1.328103e-16
98 73 1.824656e-17
98 74 2.378521e-18
98 75 2.937568e-19
98 76 3.431948e-20
98 77 3.786287e-21
98 78 3.937102e-22
98 79 3.850444e-23
98 80 3.533412e-24
98 81 3.034494e-25
98 82 2.431681e-26
98 83 1.812221e-27
98 84 1.251294e-28
98 85 7.970320e-30
98 86 4.660103e-31
98 87 2.486551e-32
98 88 1.202567e-33
98 89 5.228549e-35
98 90 2.023486e-36
98 91 6.885304e-38
98 92 2.027965e-39
98 93 5.065320e-41
98 94 1.043220e-42
98 95 1.700931e-44
98 96 2.058526e-46
98 97 1.643910e-48
98 98 6.497667e-51
99 0 1.000000e+00
99 1 1.000000e+00
99 2 1.000000e+00
99 3 1.000000e+00
99 4 1.000000e+00
99 5 1.000000e+00
99 6 1.000000e+00
99 7 1.000000e+00
99 8 1.000000e+00
99 9 1.000000e+00
99 10 1.000000e+00
99 11 1.000000e+00
99 12 1.000000e+00
99 13 1.000000e+00
99 14 1.000000e+00
99 15 1.000000e+00
99 16 1.000000e+00
99 17 1.000000e+00
99 18 1.000000e+00
99 19 1.000000e+00
99 20 1.000000e+00
99 21 1.000000e+00
99 22 1.000000e+00
99 23 1.000000e+00
99 24 1.000000e+00
99 25 1.000000e+00
99 26 1.000000e+00
99 27 1.000000e+00
99 28 1.000000e+00
99 29 1.000000e+00
99 30 1.000000e+00
99 31 1.000000e+00
99 32 1.000000e+00
99 33 1.000000e+00
99 34 1.000000e+00
99 35 1.000000e+00
99 36 1.000000e+00
99 37 9.999182e-01
99 38 9.985000e-01
99 39 9.862727e-01
99 40 9.407909e-01
99 41 8.326636e-01
99 42 6.621000e-01
99 43 4.611091e-01
99 44 2.865000e-01
99 45 1.597636e-01
99 46 8.204545e-02
99 47 3.866364e-02
99 48 1.704545e-02
99 49 7.427273e-03
99 50 2.809091e-03
99 51 1.118182e-03
99 52 4.181818e-04
99 53 1.636364e-04
99 54 3.636364e-05
99 55 1.818182e-05
99 56 9.090909e-06
99 57 7.106345e-06
99 58 1.971179e-06
99 59 5.250688e-07
99 60 1.342651e-07
99 61 3.294559e-08
99 62 7.754130e-09
99 63 1.749715e-09
99 64 3.783361e-10
99 65 7.834701e-11
99 66 1.552878e-11
99 67 2.943984e-12
99 68 5.334628e-13
99 69 9.232167e-14
99 70 1.524630e-14
99 71 2.400402e-15
99 72 3.599353e-16
99 73 5.134619e-17
99 74 6.960076e-18
99 75 8.953074e-19
99 76 1.091337e-19
99 77 1.258604e-20
99 78 1.370913e-21
99 79 1.407632e-22
99 80 1.359586e-23
99 81 1.232363e-24
99 82 1.045546e-25
99 83 8.278244e-27
99 84 6.096470e-28
99 85 4.160277e-29
99 86 2.619342e-30
99 87 1.513989e-31
99 88 7.987135e-33
99 89 3.819655e-34
99 90 1.642368e-35
99 91 6.286608e-37
99 92 2.116007e-38
99 93 6.165703e-40
99 94 1.523724e-41
99 95 3.105279e-43
99 96 5.010530e-45
99 97 6.001667e-47
99 98 4.744139e-49
99 99 1.856287e-51
100 0 1.000000e+00
100 1 1.000000e+00
100 2 1.000000e+00
100 3 1.000000e+00
100 4 1.000000e+00
100 5 1.000000e+00
100 6 1.000000e+00
100 7 1.000000e+00
100 8 1.000000e+00
100 9 1.000000e+00
100 10 1.000000e+00
100 11 1.000000e+00
100 12 1.000000e+00
100 13 1.000000e+00
100 14 1.000000e+00
100 15 1.000000e+00
100 16 1.000000e+00
100 17 1.000000e+00
100 18 1.000000e+00
100 19 1.000000e+00
100 20 1.000000e+00
100 21 1.000000e+00
100 22 1.000000e+00
100 23 1.000000e+00
100 24 1.000000e+00
100 25 1.000000e+00
100 26 1.000000e+00
100 27 1.000000e+00
100 28 1.000000e+00
100 29 1.000000e+00
100 30 1.000000e+00
100 31 1.000000e+00
100 32 1.000000e+00
100 33 1.000000e+00
100 34 1.000000e+00
100 35 1.000000e+00
100 36 1.000000e+00
100 37 9.999727e-01
100 38 9.994818e-01
100 39 9.931818e-01
100 40 9.633091e-01
100 41 8.798636e-01
100 42 7.301636e-01
100 43 5.345182e-01
100 44 3.466273e-01
100 45 2.013727e-01
100 46 1.064091e-01
100 47 5.162727e-02
100 48 2.377273e-02
100 49 1.030909e-02
100 50 4.027273e-03
100 51 1.572727e-03
100 52 7.090909e-04
100 53 2.272727e-04
100 54 1.000000e-04
100 55 3.636364e-05
100 56 9.090909e-06
100 57 9.090909e-06
100 58 3.477547e-06
100 59 9.486722e-07
100 60 2.485883e-07
100 61 6.254747e-08
100 62 1.510537e-08
100 63 3.499913e-09
100 64 7.776449e-10
100 65 1.656071e-10
100 66 3.378356e-11
100 67 6.597728e-12
100 68 1.232698e-12
100 69 2.201796e-13
100 70 3.756763e-14
100 71 6.117798e-15
100 72 9.499845e-16
100 73 1.405199e-16
100 74 1.977789e-17
100 75 2.645571e-18
100 76 3.358805e-19
100 77 4.041574e-20
100 78 4.601824e-21
100 79 4.949578e-22
100 80 5.019170e-23
100 81 4.788494e-24
100 82 4.287898e-25
100 83 3.594385e-26
100 84 2.812267e-27
100 85 2.046883e-28
100 86 1.380675e-29
100 87 8.593557e-31
100 88 4.911009e-32
100 89 2.561892e-33
100 90 1.211628e-34
100 91 5.152796e-36
100 92 1.951046e-37
100 93 6.496763e-39
100 94 1.873011e-40
100 95 4.580255e-42
100 96 9.237557e-44
100 97 1.475228e-45
100 98 1.749089e-47
100 99 1.368693e-49
100 100 5.302075e-52
